699 1 1 3 2 1 29 
3473 2 1 2 2 2 3 1 6 
13819 4 1 5 2 1 3 1 4 1 14 
17409 3 1 5 2 2 3 1 35 
29461 
1220 
39957 
3056 3 1 4 2 1 4 1 8 
21602 2 1 4 2 1 3 1 14 
29937 
9244 4 9 1 10 1 17 1 64 
11463 
31245 3 1 3 2 1 3 2 77 
3128 
2859 2 1 10 2 1 22 
2475 
4472 1 1 6 2 1 14 1 66 
20067 12 1 2 3 4 4 2 6 
36408 4 1 7 2 3 25 2 103 
38097 2 1 16 2 2 35 
10865 2 24 1 79 
12574 
5508 1 1 6 2 3 3 1 4 1 77 
20251 
36090 
38316 
38569 6 16 
10200 1 1 4 2 8 9 4 10 1 24 1 25 1 77 
24485 2 1 1 19 2 25 
16172 3 1 1 4 9 9 3 10 
2444 1 1 18 2 5 9 1 12 
18968 2 1 13 2 1 3 1 6 5 9 1 10 
9275 4 9 1 10 1 18 1 57 
32560 
6731 1 1 9 2 3 25 1 100 
30 1 1 2 2 4 9 2 10 1 42 
20599 4 9 1 10 1 57 1 77 
37695 
33894 1 1 2 2 1 22 1 44 
25109 
30314 
37991 2 1 1 4 13 9 2 10 3 17 
1839 1 1 2 34 
40221 1 1 1 2 1 6 1 14 
11256 6 2 2 24 4 25 
7634 
17258 4 2 2 97 
2512 3 9 1 10 1 11 1 36 1 42 
23866 2 1 4 9 2 10 2 34 
18246 
34971 
3715 1 1 2 66 
32095 
2713 7 2 2 3 
7385 8 9 1 10 1 12 2 36 
36565 
23577 
37780 2 1 3 2 1 29 
21515 
25486 1 9 2 53 3 71 
39770 
18763 2 1 2 2 4 9 2 10 1 70 
8051 4 2 2 3 2 14 
23511 2 1 11 2 5 9 1 12 1 34 
34023 
10244 1 6 6 9 2 10 4 57 
34675 
40642 
40683 
34917 
17107 
29495 
13712 2 1 2 2 2 3 2 64 
9614 8 9 2 10 2 57 
13493 5 1 5 2 2 4 1 14 
2971 1 1 7 2 1 8 
20200 
28968 7 2 1 24 1 34 
996 3 9 1 10 1 24 2 57 
34262 2 1 12 2 5 9 1 10 1 25 1 34 
14485 5 2 1 3 3 14 
26172 
9420 
10599 
7794 
30998 3 1 4 2 1 3 1 4 2 22 
15109 4 1 1 4 1 56 
4157 4 9 1 10 1 42 1 57 
10067 
38895 
36391 4 1 15 2 1 22 1 35 
4774 4 9 2 10 2 14 1 19 
20865 
22574 
817 2 1 17 2 1 6 1 22 
8186 
10251 1 1 1 2 3 9 1 10 1 32 2 57 
41226 
5279 
6587 4 2 1 14 1 20 
21256 12 9 6 10 1 17 3 57 
39328 1 1 18 2 4 3 1 19 1 22 2 35 
37238 
6691 1 1 1 2 1 3 1 27 
36076 
35690 3 1 2 2 1 32 
27258 6 1 1 2 2 4 1 77 
13866 
1512 3 1 1 2 2 3 1 18 1 77 
5668 
31236 1 1 2 2 1 5 1 22 
3036 1 1 16 2 1 44 
5011 1 39 2 64 
2839 
5193 
13577 4 1 1 3 1 8 1 25 
39796 
35785 
3574 3 9 1 11 2 71 
28246 5 2 2 37 
35228 
32113 1 1 4 9 2 10 2 77 
7126 1 1 7 2 4 3 2 4 1 8 1 19 1 21 1 65 
1713 6 2 3 3 1 4 1 18 
32897 
7058 1 6 4 9 2 12 
36899 
40874 3 1 9 2 1 25 1 34 
27107 
23712 1 63 
29764 
19495 3 1 1 34 
23493 1 1 1 6 5 9 1 10 1 77 
1971 
11515 2 1 6 2 1 116 
5363 1 1 15 2 5 9 1 10 1 19 
15486 6 1 1 2 1 3 2 4 1 14 
28763 2 1 1 2 1 38 
30412 1 1 7 2 1 22 
13511 8 1 1 3 3 4 1 14 
30793 1 14 1 41 
20244 
36081 
33325 2 1 1 2 1 3 1 4 2 14 1 22 1 96 
9500 1 106 
11612 1 1 9 2 1 107 
34771 
31321 
12264 4 9 2 10 4 11 
35194 3 2 1 4 4 14 1 19 1 22 1 29 1 42 
23809 2 1 13 2 1 29 1 64 
27419 1 1 2 19 1 25 1 74 
17253 3 1 6 2 1 26 
35062 1 1 7 2 2 3 2 4 1 8 1 14 1 19 1 41 1 70 
30504 
2221 5 9 2 10 3 11 
38279 
4385 3 1 3 2 1 8 1 70 
32270 
9535 2 1 1 4 1 56 
41214 2 1 3 2 1 14 1 35 1 100 
8447 4 1 3 2 2 3 1 4 1 77 
175 4 9 2 10 2 42 
5812 1 36 5 71 
18847 2 1 2 2 2 8 2 69 
38506 5 2 3 14 1 32 
18963 2 1 1 2 1 8 1 64 
39970 2 1 7 2 2 3 
37980 3 9 1 53 1 57 1 71 
16840 
19822 
2808 3 1 1 2 1 4 1 20 
28045 1 1 5 2 3 3 
25166 1 1 1 2 1 107 
2382 
13044 2 1 2 3 2 27 
34717 
6750 3 1 3 2 1 4 1 14 
41331 1 1 1 3 1 14 1 77 
27647 1 1 8 2 3 3 
2991 6 1 1 2 1 4 1 70 
13912 
36403 3 1 9 2 1 34 
19964 
31829 
23301 
40688 
13498 3 9 2 10 5 53 
8030 1 1 4 9 1 11 1 13 1 14 
21305 
13000 1 1 14 2 2 3 2 14 1 42 
23051 1 2 4 3 4 46 1 49 1 111 
9295 
15649 3 1 1 4 1 6 1 7 1 8 
15471 
18768 1 1 5 2 1 5 1 6 
38422 
11857 2 1 7 2 1 4 
31035 
34028 1 1 5 2 1 8 
7515 2 1 2 2 1 79 
16804 3 1 3 2 1 4 1 18 
39447 5 1 4 2 3 4 1 34 2 35 4 64 
21055 1 21 
13350 1 1 4 2 7 9 3 10 1 77 
33031 1 1 4 75 1 77 
8005 2 2 2 55 
24165 1 6 10 9 12 10 
3180 2 2 5 9 1 12 1 19 1 35 
22047 3 1 1 4 1 6 5 9 1 10 
41025 6 1 6 2 3 10 3 35 
26049 1 1 10 2 1 51 
9925 
15417 5 1 2 2 1 4 1 8 
1288 
39619 1 1 4 2 2 3 1 5 
12845 3 1 5 2 1 3 1 22 
4634 1 1 1 94 
30540 1 1 7 2 1 34 
5481 2 1 3 2 1 39 
8749 3 1 2 3 1 4 1 24 2 103 
5428 2 2 2 44 2 77 
34572 2 2 6 3 8 14 1 19 2 26 
4058 
38324 
275 1 1 1 5 1 103 
5173 2 1 1 108 
6317 4 2 1 8 1 24 
4126 2 1 2 2 1 3 3 9 3 12 
37233 
31020 1 1 1 4 1 5 1 14 1 65 
40336 11 9 7 10 1 64 
3594 
39323 
35985 1 1 7 2 1 25 1 34 
21612 1 1 15 2 1 5 4 9 2 10 
22264 
1221 2 1 4 2 2 25 
5539 
17419 3 1 3 2 1 26 1 77 
38387 
27253 3 1 4 2 3 3 1 77 
13809 1 1 1 25 1 45 1 48 
41030 3 1 3 2 3 10 3 34 
23044 
30326 1 1 6 2 1 25 1 37 
9660 1 1 4 2 7 9 3 10 1 22 
35681 
17647 3 1 2 2 1 3 1 4 2 14 
1991 2 1 2 2 1 66 1 77 
36662 2 1 9 2 3 9 1 10 1 26 1 34 2 53 1 77 
29964 1 2 2 5 1 14 1 18 1 32 
23912 3 1 1 3 5 9 1 13 1 14 1 34 
40102 
28963 3 1 1 2 1 25 1 32 
28847 
26840 
30993 2 1 6 2 1 4 2 22 
29822 
1808 9 2 1 22 
18045 2 1 5 2 1 4 2 14 
15166 1 1 3 2 1 6 1 8 
32296 1 8 4 9 1 10 2 42 1 57 
1382 1 1 11 2 1 64 
21857 3 1 7 2 2 3 1 14 
13051 5 1 1 4 1 46 
25649 
28768 
25471 
33330 2 2 1 3 1 18 1 77 
11055 6 9 4 10 2 65 2 77 
23350 
30798 2 9 3 10 1 17 1 20 2 24 
26804 2 1 1 3 1 35 1 77 
14165 
7774 3 1 1 3 2 25 
13267 21 2 4 3 
31837 
3234 3 9 3 71 
32385 
4794 
13301 5 9 2 10 3 53 
7157 
5299 3 2 1 29 1 42 
23498 3 1 16 2 1 34 
819 2 1 13 2 1 32 
11305 2 1 4 2 1 3 1 7 1 20 
23000 3 1 4 2 4 3 3 9 3 10 
6671 
32118 1 1 2 77 
836 1 1 8 2 1 18 
34986 
35223 
5929 
37592 1 1 10 2 1 21 1 35 
25417 5 1 2 3 1 32 
12047 
16049 
22845 4 1 1 2 1 4 1 6 2 8 
2288 
36344 
17116 4 9 1 10 1 11 1 19 1 42 
34906 3 9 1 10 1 11 1 25 1 42 1 57 
14563 3 1 1 2 1 3 1 6 1 25 
10733 
25625 
11118 1 62 
39435 4 1 5 2 1 4 2 34 1 35 
7031 
2280 10 2 2 5 
25073 6 1 2 2 2 4 2 22 
23219 
13453 4 1 1 3 1 8 
9363 3 9 1 10 2 36 1 42 
31047 1 1 3 2 5 9 1 10 1 22 
29455 
32055 
3719 
15469 11 9 8 10 1 11 
9193 
16839 21 2 4 3 1 4 
12837 2 1 1 2 2 3 2 14 
17620 2 1 3 2 1 4 2 14 
39667 
26884 1 1 3 2 1 18 1 33 1 95 
22035 2 1 1 5 1 8 1 35 1 69 
7389 
16673 2 1 6 2 1 70 
13381 3 74 1 76 
16025 6 63 2 70 
19736 
32305 
25921 2 9 2 53 2 71 
784 2 1 9 2 1 22 
14278 
11385 2 1 6 2 1 4 
26827 
1134 1 1 5 2 1 41 
22829 
28820 
35601 1 2 1 21 1 85 1 110 
40529 2 1 4 2 2 3 1 4 1 8 1 21 
9668 
27931 3 63 
8654 2 1 1 2 1 3 2 8 1 24 
3417 2 1 1 3 4 9 1 12 1 17 
1835 
40182 7 9 4 10 1 12 1 63 
27467 
2626 2 1 16 2 1 3 1 14 
40143 2 1 2 2 2 77 
37951 
16214 7 1 8 2 5 3 
24110 4 1 7 2 1 35 1 63 
15630 
11296 1 2 2 65 1 103 
9011 9 1 3 4 1 8 
1800 3 2 10 9 2 12 
17298 
38261 
4050 3 1 1 4 1 21 
28037 1 1 15 2 1 35 
26030 1 1 8 2 1 102 
8329 1 2 4 3 4 14 1 77 
5420 1 1 21 2 1 64 
4519 
18835 3 1 8 2 1 8 
36050 
596 3 1 1 2 1 3 1 22 
20291 
21270 
38057 
16331 1 1 7 2 2 7 
27635 
9279 
30539 1 1 5 2 1 34 
680 
23834 2 1 21 2 1 29 
22321 
35905 
3121 1 2 1 63 1 74 
34769 1 1 8 2 3 14 1 35 
10938 
24626 4 1 1 4 2 19 
38307 
12020 3 1 17 2 3 9 3 10 
13889 
33854 
37655 2 2 1 22 1 44 
36300 
20559 
18029 
6094 1 85 
3188 5 2 1 3 1 14 
31845 
33433 2 1 2 2 4 9 1 10 1 35 1 36 1 96 
15073 8 2 1 3 1 14 
23453 7 2 1 22 
13219 1 1 1 2 1 6 1 42 
1280 
19455 
33841 
24563 1 2 4 3 5 14 1 20 
27116 
5614 
15625 15 2 1 44 1 51 
20733 
21118 2 35 
30753 
41049 
40608 5 9 1 14 1 18 1 36 
26025 8 9 4 10 2 64 
23381 1 1 13 2 1 6 1 22 
628 3 1 7 2 1 3 1 77 
38972 3 1 6 2 1 3 1 19 1 33 1 42 
6276 
24278 1 5 1 6 1 69 
29736 
15921 6 1 7 2 2 4 
36168 
2134 5 2 1 3 1 20 
39756 1 1 1 2 1 3 1 14 1 22 1 35 1 44 
21385 
16827 2 2 2 6 10 9 2 13 
13080 
12829 1 1 2 2 4 9 1 12 1 13 
8038 1 3 3 102 
18820 1 1 5 2 1 6 1 64 
25469 
37012 
26839 
22837 5 2 4 9 2 10 1 70 
27620 2 1 2 2 1 3 1 14 
36859 10 2 2 3 2 14 4 35 2 44 
32857 
12035 5 2 1 8 15 9 3 12 
26673 
37944 6 9 2 10 4 11 
16884 3 1 3 2 1 3 2 4 1 7 
37900 
25630 
14110 3 1 22 2 1 3 
38586 2 1 1 3 1 14 
33349 
21296 2 9 2 34 1 57 
27298 1 25 1 74 1 90 
35650 
40537 
2800 
17931 2 1 12 2 1 3 1 14 
6758 1 1 1 2 1 64 1 66 
3833 3 1 1 2 1 4 1 64 
39420 
6957 2 1 1 2 1 3 1 14 1 77 
1626 2 2 1 27 1 103 
36483 3 1 1 3 2 14 1 19 1 35 
36442 
2835 
17467 4 1 3 2 4 3 
26214 2 2 5 9 1 12 1 22 
12321 9 1 1 2 1 3 3 4 
13834 1 2 5 9 1 13 2 14 
31264 
17635 3 1 1 2 1 3 1 5 1 26 
20938 
9508 18 9 6 10 
14626 3 1 5 2 1 4 1 26 
4832 2 1 6 2 2 66 
36001 4 1 3 2 1 3 1 14 1 30 1 34 1 77 
30584 2 1 9 2 2 22 
30958 1 1 1 3 1 14 1 29 
23889 2 1 1 6 2 35 
22020 2 2 4 3 6 21 
32612 2 1 2 2 1 14 1 34 1 74 4 75 1 77 
8492 4 1 4 2 3 3 1 8 
28029 1 64 
10559 
18037 2 1 14 2 10 9 2 13 
36351 
16030 1 1 19 2 1 35 
38855 
28835 
10291 
5275 1 1 1 3 2 64 1 77 
26331 
11270 3 1 1 2 1 3 1 6 
30527 
38306 
5266 1 1 4 2 1 55 
6705 2 1 8 2 1 4 2 14 
36418 14 2 4 25 2 34 
24627 3 2 1 6 2 8 1 19 
25119 
14639 
38056 1 2 4 9 1 10 1 14 1 53 1 101 
37494 4 2 1 5 4 9 2 10 1 27 1 34 
269 4 1 9 2 2 3 1 25 
6730 1 1 5 2 1 38 
24684 
28036 2 1 8 2 2 29 
9989 3 1 1 83 
14873 6 1 2 4 3 9 2 10 1 71 
10210 4 1 12 2 2 3 
33525 
14191 
15774 4 1 9 2 1 3 1 4 1 14 
7963 1 4 12 9 3 10 3 11 1 14 
31521 
11297 2 1 3 9 1 11 2 12 
30304 
6049 2 1 10 2 4 9 2 10 2 77 
27466 
32648 4 1 16 2 1 35 1 64 1 101 
9555 1 6 9 9 3 10 1 24 
35760 4 1 3 2 4 3 1 22 1 34 1 38 
28152 3 1 5 2 1 3 
20034 2 1 1 8 1 69 
30054 1 1 10 2 1 22 
173 1 1 7 2 1 100 
21468 
38132 
10089 
26826 
21183 2 1 10 2 3 6 1 22 
21142 3 1 1 14 1 81 
7745 2 1 1 2 1 3 1 5 1 77 
1495 1 64 1 75 
19181 2 1 2 2 1 7 1 25 
19737 
17171 2 1 3 2 1 18 1 26 
4654 3 9 1 11 2 57 
39666 
29729 
30340 1 19 1 34 1 98 
6265 2 1 1 18 1 104 
12836 
5706 1 42 1 51 
14460 3 1 2 2 2 3 1 8 
30663 3 2 1 14 1 20 
23501 
31046 1 1 2 2 5 9 1 10 1 22 
8050 
28693 
7009 1 1 4 2 2 3 1 14 
8519 2 1 1 6 1 25 1 77 
37048 
21505 4 1 2 2 3 3 1 14 1 19 
4329 3 9 1 17 1 39 
36992 
17893 2 1 1 44 1 45 1 46 
2970 2 2 1 4 10 9 2 10 
13702 
29694 2 1 10 2 1 14 1 26 
5843 
9488 
17117 5 9 1 10 1 19 1 42 
13550 1 2 5 9 1 10 2 66 
34907 
20178 
34474 
20880 4 1 19 2 1 35 
24639 2 1 2 2 9 9 2 10 1 13 
15119 3 1 2 2 1 4 1 48 
37765 
9421 
30526 
169 4 9 1 10 1 24 1 57 
18036 3 1 6 2 2 3 1 42 
24873 6 16 
14684 6 1 1 4 3 9 2 10 1 13 
34659 1 1 2 2 1 96 
5985 3 2 1 3 1 6 1 14 
3027 2 2 10 9 2 10 2 19 
14627 2 1 13 2 1 3 1 14 
17466 4 1 3 2 4 3 
10034 1 6 9 9 3 10 1 64 
34372 
4038 3 1 1 2 1 3 1 22 
40345 1 1 7 2 1 34 
18152 1 1 9 2 4 3 1 24 
6690 1 1 5 2 4 9 2 10 1 42 
11468 3 1 1 7 1 8 
38524 
31722 2 1 10 2 1 38 
273 
20089 5 16 
24191 2 49 2 75 
40536 2 64 
39523 2 2 4 9 1 10 1 14 1 17 1 28 1 77 
5010 4 9 1 10 1 17 1 63 
36580 
9117 2 1 3 2 2 3 2 77 
25774 
5559 
39149 2 1 9 2 3 3 1 4 1 34 
38587 2 1 1 45 
21297 2 9 2 34 1 57 
32856 
19729 1 21 
30041 
22836 2 1 3 2 2 3 1 8 1 20 
6986 3 1 2 2 1 3 1 19 1 70 
697 2 2 2 44 
37392 
16826 3 2 2 3 10 9 2 10 
39757 
11142 
11183 2 1 2 2 2 8 
3493 1 75 1 76 
32265 
15195 2 1 5 2 7 9 4 10 1 17 1 19 1 25 1 77 
12443 1 1 4 2 7 9 3 10 
9146 3 1 6 2 2 3 1 4 1 14 
35538 2 1 1 3 1 25 
23279 
12482 5 9 1 10 1 49 1 74 
25013 
19186 1 1 3 2 1 6 1 64 
38809 
13387 1 1 4 3 4 14 1 20 
17176 1 1 14 2 11 3 
32800 3 74 4 75 3 76 
25927 3 9 2 53 1 71 
6400 9 9 3 10 1 42 
26821 3 1 2 2 1 14 1 22 1 34 
11880 10 2 2 3 
28325 4 2 2 3 2 14 
11178 2 1 3 2 2 3 1 6 
1630 1 1 10 2 10 9 1 10 1 13 
3202 4 9 2 71 
4945 1 39 2 64 
11210 7 2 1 3 1 24 1 70 
40531 
5374 
27929 3 63 
24196 3 9 1 10 1 11 1 63 1 71 
17937 2 1 2 2 1 3 1 74 1 77 
54 1 1 12 2 1 5 1 77 
1605 3 1 6 2 1 3 
17461 4 1 1 2 1 3 1 4 1 5 
32672 11 2 2 3 2 77 
29409 2 1 5 2 1 30 
4562 
21034 1 1 3 2 1 22 
2565 
6951 
16329 1 1 1 4 3 64 1 77 
38000 
12327 2 1 11 2 1 25 
38498 1 74 1 77 
32009 2 1 2 2 2 108 
26274 
34164 
11089 
2790 2 1 1 46 1 48 
20468 
31054 
34092 
3563 2 1 5 2 1 19 
663 1 2 1 6 1 32 
36357 
32359 
14888 1 1 2 2 1 7 1 20 
18031 1 1 14 2 3 3 
12384 
14170 
38350 2 2 1 3 1 18 1 35 1 42 
4203 2 1 5 2 1 3 1 63 
2942 1 4 4 44 
6149 3 9 1 10 1 17 1 57 1 74 
31304 
30521 
33768 
26337 
13422 1 2 1 64 1 90 
22339 
39043 
39082 2 1 2 2 1 6 1 14 1 34 1 42 1 77 
31340 
37072 3 1 9 2 4 3 2 4 1 8 1 19 1 22 
26613 3 1 6 2 2 3 1 7 1 8 2 9 2 10 2 17 
240 
33847 
33963 
13506 2 1 7 2 1 25 
24218 1 10 1 20 5 71 
38912 7 2 5 9 1 12 1 35 
20183 3 2 3 14 1 34 
3762 
19898 
17190 3 1 4 2 3 3 2 14 
23387 1 1 4 2 1 22 
29186 
15927 
27176 3 1 8 2 1 39 
4763 5 9 1 10 1 95 
21880 6 2 2 3 4 9 2 10 
16821 4 1 6 9 2 11 2 12 2 13 
18325 2 1 1 2 1 22 1 44 1 46 
15558 3 1 7 2 1 3 1 25 
30046 1 1 3 2 4 9 1 39 
15984 9 1 3 3 2 4 1 66 
22831 3 2 2 3 1 6 
35959 
23324 7 16 
31663 2 9 2 10 1 11 1 17 2 24 
32851 12 9 6 10 2 17 
25939 2 2 1 6 6 9 4 10 
20505 
37609 
7109 4 1 2 2 1 3 1 4 1 14 
22482 
13279 7 2 1 4 2 64 
15013 2 1 16 2 1 7 
25195 2 2 1 30 1 42 1 77 
22443 
8150 3 1 1 4 1 94 
28854 
5487 
29106 
23307 
8974 3 1 3 2 1 3 1 6 1 19 
38834 
21800 8 1 2 2 3 4 1 6 1 32 
40826 
11851 
39833 3 1 2 2 3 3 3 9 1 10 1 11 3 14 1 25 1 32 1 53 1 77 
24499 2 19 1 34 
15477 1 1 1 75 1 76 
8026 
23057 
15904 3 1 4 2 1 4 5 9 1 10 
21265 
8158 6 2 3 3 1 76 
39679 3 1 2 2 3 3 1 19 
17654 1 1 11 2 1 3 2 14 
39441 
22402 3 1 12 2 1 3 1 25 
13855 
2054 3 1 1 2 2 3 1 14 
23261 
37689 2 1 2 3 2 14 2 77 
33037 1 25 1 74 7 75 1 76 
9164 2 1 1 18 1 24 1 70 
29853 1 1 1 2 4 9 1 13 1 14 1 17 1 29 
12663 4 1 6 2 2 3 
30836 1 1 3 21 1 81 
39002 
15411 
9394 4 9 1 10 1 57 1 63 
22041 4 1 8 2 1 3 1 26 
13586 20 2 3 3 1 8 
9906 1 1 1 64 
36215 
18349 5 1 2 2 1 4 2 9 3 10 1 13 
12340 1 1 6 2 1 5 1 66 
37797 4 2 2 3 2 42 
20856 
39352 2 1 7 2 1 14 1 25 1 34 
23902 4 1 7 2 2 34 2 64 
40112 1 1 2 2 1 29 1 34 1 38 
36259 2 1 8 2 1 22 1 105 
32257 
21079 2 77 
1990 
16284 3 1 3 2 1 3 2 4 
10399 
9661 1 1 6 2 7 9 3 10 1 77 
26239 
32061 
4137 
22237 1 1 3 2 1 3 2 42 
16227 1 3 3 9 2 11 1 12 2 42 
9018 2 1 2 2 1 3 1 8 
12229 3 1 1 3 1 45 
1742 6 1 1 2 2 3 1 4 
18220 2 1 1 25 1 45 
24180 1 2 2 6 2 8 4 9 2 10 
22374 3 1 3 2 2 3 1 14 
622 
24878 4 1 5 2 1 21 1 35 
7492 
1686 2 1 2 2 2 66 
167 1 1 4 9 2 10 1 20 1 34 
37965 1 1 1 2 1 3 1 14 2 35 
1543 
26814 2 1 1 2 1 3 1 35 1 77 
3307 1 1 2 2 1 102 
18698 1 1 1 2 1 6 5 9 1 10 1 66 
11315 1 1 1 2 1 5 1 6 
23010 2 1 2 2 1 14 1 18 1 22 1 70 
36170 
27898 4 14 1 16 
33622 1 1 3 2 1 37 
29190 1 85 
13311 6 2 1 3 1 31 
10173 
21896 12 9 7 10 1 12 
28235 3 1 5 2 5 3 
10891 
11188 2 1 11 2 1 22 
11870 1 7 2 27 
17186 3 1 14 2 1 4 1 14 
19176 3 1 4 2 1 3 1 22 
32108 1 1 4 9 2 10 2 77 
31922 
13377 2 1 6 2 1 3 1 42 
38255 1 2 3 9 1 10 1 14 1 32 1 36 1 57 
6670 
12472 14 2 1 3 1 6 1 42 
23289 
13234 2 1 8 2 4 9 2 10 2 77 
31864 
25407 3 1 2 2 3 3 
25974 2 1 17 2 1 103 
7038 
20612 1 74 6 75 1 77 
41336 
6588 2 1 12 2 1 3 1 42 
22584 7 9 2 10 3 11 
5345 1 7 1 22 
22958 1 1 3 2 1 80 
30020 1 1 3 2 1 30 1 42 
32938 
18530 
4974 3 1 3 2 1 4 1 14 
16537 4 1 4 2 2 3 1 4 2 14 
12539 3 1 1 2 1 4 1 8 1 77 
26529 1 46 1 63 2 75 
7994 1 5 4 9 1 10 1 71 
41545 
22527 
4158 1 38 1 42 
33693 3 2 1 14 1 25 
38501 
26143 
4026 
26182 1 1 11 2 1 3 
14475 1 1 3 2 1 3 2 14 1 66 
5073 
5456 2 1 8 2 1 66 
976 4 1 1 2 1 35 1 99 
7306 
7224 10 9 2 10 2 65 1 81 
14949 8 2 4 27 
34548 
31993 2 1 1 4 1 14 1 25 1 44 1 66 
2650 4 9 2 10 4 11 
5667 1 1 1 110 
31326 
29258 2 1 11 2 4 3 
40030 
37328 3 1 8 2 5 9 1 12 1 35 
41102 
36086 1 1 1 16 1 38 1 42 
39238 
34776 2 18 1 34 
7057 3 1 5 2 1 3 3 22 
25358 
6879 10 9 2 13 1 114 
6455 1 31 1 95 
1913 1 1 20 2 3 3 
920 
23132 
13524 3 1 4 2 2 3 1 42 
10305 
33152 1 102 
809 2 1 7 2 1 3 1 14 
35338 2 1 1 31 
35775 1 1 10 2 1 103 
13587 3 1 10 2 1 4 1 41 
25490 1 76 
25008 1 14 1 19 1 30 1 77 
20857 4 29 
37796 2 2 1 4 2 42 
6346 
30837 
31798 
28525 2 1 7 2 1 38 
10055 1 6 7 9 2 10 3 11 
16608 5 1 2 2 1 4 1 8 1 70 
33036 1 2 2 25 8 75 
4441 3 9 1 10 1 31 2 57 
40827 
23056 2 1 12 2 4 3 8 9 4 10 
15476 
8284 3 2 2 3 1 111 
27764 1 1 1 4 1 14 1 19 2 74 4 75 
17495 2 1 9 2 1 3 1 42 
22753 1 64 
1771 
14203 
32733 2 1 10 2 1 22 1 25 
29107 
23306 1 64 
40884 
16529 2 1 10 2 1 25 
6931 
39695 
12527 15 2 6 3 
36928 
32291 1 8 4 9 1 10 2 42 1 53 
15161 5 1 4 2 3 3 
16182 1 1 17 2 9 9 3 10 
24475 
16143 3 1 3 2 1 3 1 4 2 27 
9349 
665 3 2 1 27 
36557 
10612 
32559 
12958 3 1 17 2 1 3 
34790 
38550 
9876 4 1 4 2 1 4 3 103 
988 
12584 2 1 3 2 1 3 1 5 
38702 4 2 1 29 
31504 2 2 7 3 8 14 2 26 1 77 
28530 
35686 
26537 
22539 2 1 1 4 5 9 1 13 1 14 1 42 
30321 1 1 12 2 1 27 1 34 
19258 3 1 1 4 1 5 1 6 
1650 
40331 9 9 5 10 1 64 
39991 3 1 8 2 3 9 1 10 1 11 1 25 1 35 1 53 1 77 1 100 
24949 
8804 
15490 3 1 4 2 1 3 1 22 
30035 2 1 1 2 2 103 
23587 
10857 
15008 4 1 10 2 2 3 2 4 
8105 2 1 1 4 2 65 
18525 1 1 3 2 1 3 2 9 4 12 
8416 2 1 1 8 1 44 
2913 3 1 2 9 4 10 2 34 1 77 
15358 1 1 14 2 2 3 1 42 2 64 
23524 11 9 4 10 2 34 
13132 1 1 4 3 4 14 1 20 
30829 1 2 3 3 4 14 1 20 
20305 11 2 1 35 
8130 6 2 1 8 1 27 1 35 
34981 
3915 
17764 5 1 4 2 1 3 1 4 
27495 9 2 2 4 
2771 9 9 2 10 1 12 1 14 
31540 1 2 2 3 1 14 1 32 1 42 
40839 
12753 4 1 6 2 2 3 
24203 1 3 1 63 2 64 
13306 2 2 3 3 4 14 1 20 
34685 2 1 1 3 5 9 1 13 1 14 1 34 
3464 4 1 2 104 
19107 7 1 5 2 2 4 1 8 
40673 
40025 
26608 
6521 
36723 1 1 5 2 4 3 4 14 1 26 1 103 
3080 
13056 
39780 
25476 9 9 2 10 1 11 1 17 3 57 
37770 
21733 7 1 1 2 2 3 2 4 1 8 
18123 3 1 4 2 2 3 1 21 
19187 
18549 6 1 1 2 2 4 1 32 
34414 3 1 2 2 1 32 
13386 1 4 10 9 2 10 2 14 1 19 
34605 
24283 
17177 7 1 2 2 2 3 2 4 1 14 
19731 
24242 2 1 11 2 1 19 
12540 8 2 4 12 2 13 
20118 
38948 
25926 3 9 1 53 2 71 
31753 
39552 1 1 6 2 4 3 1 4 3 9 3 10 2 14 
25393 4 1 9 2 7 3 3 4 1 8 1 14 1 26 1 27 
6194 7 9 3 10 1 63 
30845 
5725 
3088 8 9 2 10 2 53 
1353 
29532 
19124 1 5 9 9 2 10 1 12 
39700 
7823 
15088 
23507 
22798 1 1 1 2 1 22 1 107 
14930 4 2 2 3 2 19 
6364 
8602 3 1 3 3 2 27 
40049 
34901 1 1 1 2 4 9 1 10 1 25 1 36 1 77 
8138 4 9 1 10 1 13 2 27 1 31 1 77 
17111 1 1 1 2 1 7 5 9 1 10 1 25 
5896 1 7 1 44 1 69 
35892 10 9 4 10 1 17 1 18 1 33 1 57 
20385 
2034 2 1 4 2 1 66 
1658 
16545 1 1 4 2 1 51 1 77 
33658 
22326 
23638 2 1 11 2 5 9 1 12 1 34 
24621 2 1 1 2 1 22 1 34 
6726 1 9 1 10 1 17 1 24 3 53 
20296 
22993 1 2 10 9 2 10 3 25 
16336 
38266 
258 
41537 2 9 3 11 1 36 
2576 2 2 1 34 2 65 
15714 4 1 2 2 3 3 1 21 
29293 2 1 2 2 1 14 1 34 
6895 6 1 7 2 7 3 2 4 1 6 2 8 1 14 
39744 
14197 1 1 1 2 1 5 2 22 
13295 2 2 1 3 3 64 
25179 5 9 1 12 1 18 1 33 1 95 
10270 
31527 1 23 
8883 
14813 2 1 2 2 3 9 2 10 1 17 
16102 4 1 2 2 4 3 8 9 4 10 
11291 8 9 1 10 2 11 1 12 
12504 4 1 1 2 1 4 1 25 
36478 
21938 
30264 1 1 19 2 1 4 2 35 
37956 
27936 
35606 5 2 3 14 1 32 
11559 1 1 1 7 1 48 
38743 
31958 2 1 6 2 6 9 4 10 2 77 
28294 2 1 2 30 2 77 
31584 
38782 
24925 
15393 2 1 9 2 1 3 1 14 
7131 3 1 6 2 4 3 3 4 1 8 1 18 1 19 1 21 
16688 3 1 3 2 1 3 4 9 2 10 
3355 4 9 1 10 1 11 1 74 
30047 1 1 3 2 4 9 1 39 
2353 3 9 1 10 1 42 1 53 1 71 
8945 2 1 6 2 1 6 
29124 2 1 11 2 1 30 1 77 
19532 1 64 
28123 3 1 8 2 1 3 1 77 
39751 
11733 2 1 8 2 1 25 
8562 3 1 3 3 2 27 
40804 6 1 15 2 3 10 3 35 
23386 1 1 1 2 1 22 
9729 
29187 
28549 4 2 1 4 1 31 2 35 
22540 1 1 1 95 1 98 
29731 
14242 1 1 14 2 1 3 10 9 2 12 
10118 3 1 4 2 1 35 1 81 
15926 2 2 10 9 2 10 1 19 
3446 1 2 1 14 1 74 1 75 
14283 4 1 1 4 1 7 2 8 
27177 3 1 2 2 2 3 1 14 1 77 
27111 
10385 3 2 1 3 2 14 1 24 
1034 
9093 2 1 4 2 2 3 2 64 
25088 4 2 2 3 2 14 
12798 2 1 6 2 1 3 1 14 
34950 
33846 1 2 1 3 2 9 4 10 1 25 5 64 
13507 2 1 15 2 2 3 
24930 
8203 
10296 1 11 5 57 
26336 2 1 9 2 3 6 1 22 
12993 4 1 3 2 1 3 1 4 1 14 
36356 
158 
1576 2 1 2 2 1 101 
9111 4 1 6 2 4 3 1 4 
25714 1 1 3 9 1 12 1 39 
34312 
2658 
26545 2 1 10 2 4 3 
13638 5 1 1 2 2 4 3 9 3 10 
12326 3 9 1 10 1 17 1 24 1 53 
41143 
41182 
14621 3 1 1 4 2 7 
11938 1 1 3 2 1 3 1 103 
22504 4 2 8 9 8 10 
8763 5 1 2 2 1 3 1 8 1 26 
3021 1 2 1 14 6 75 
6580 2 1 15 2 1 6 1 22 
40840 
31539 4 3 3 14 1 24 1 27 
21559 3 1 2 2 3 3 1 6 
17936 2 1 4 2 1 3 1 74 1 77 
14925 4 1 3 9 1 10 2 13 1 64 
18294 3 1 13 2 1 3 1 77 
19293 1 1 5 2 1 34 
9427 
4150 2 1 2 2 1 4 1 5 1 14 
15179 6 2 2 44 2 46 
24197 1 45 1 76 
23295 1 1 1 2 1 22 
20270 
24813 2 1 2 2 1 29 1 35 
26102 2 1 15 2 1 103 
21291 
38581 1 22 1 77 
21810 
23317 1 63 
29116 1 1 2 2 1 30 1 74 5 75 1 77 
23096 2 1 2 2 2 3 1 114 
22793 1 1 15 9 1 10 2 12 1 70 
32244 
17455 
22412 
15083 6 1 2 4 2 9 2 10 1 17 1 71 
15042 4 1 4 2 2 8 
3187 1 9 1 36 4 71 
15914 3 1 3 2 1 3 1 7 
2596 1 1 14 2 1 65 
26683 4 1 2 3 2 26 
26642 1 2 5 9 1 12 1 22 
16874 2 1 3 2 2 3 8 9 4 10 
39944 
25398 
6459 1 1 1 14 1 22 
6875 4 9 2 10 4 53 
36205 2 1 2 2 1 14 1 34 
33064 
15401 2 1 14 2 1 66 
39012 
29620 
37756 
8037 3 1 2 2 1 3 1 19 
13070 1 1 1 2 1 3 2 18 
21375 3 1 4 2 1 3 1 14 1 24 1 81 
25450 1 1 1 5 2 6 
21738 3 1 1 2 3 3 1 4 1 19 
18128 4 1 7 2 1 3 1 4 1 14 
24288 
38982 3 1 6 2 1 3 1 19 1 33 1 42 
38867 
24725 1 1 7 2 1 34 
10095 
38943 1 2 5 9 1 12 1 35 
35430 
31758 2 1 1 2 4 9 2 10 1 34 1 77 
27736 4 1 3 2 2 3 1 4 
36860 
23371 
19467 4 1 3 2 1 35 1 64 
11019 
36473 
21933 
38748 2 1 3 2 1 38 
31953 1 1 7 2 1 74 5 75 
25726 1 14 
231 
35669 
19931 
3822 1 1 25 2 1 14 
6958 1 1 11 2 1 31 
37420 3 1 5 2 1 3 1 18 1 27 1 33 1 34 1 77 
41364 
6757 2 64 4 75 
29298 
6174 3 9 1 11 1 53 1 57 
39900 2 1 10 2 2 35 
38576 4 1 6 2 2 14 1 30 2 34 2 77 
2236 3 9 1 10 2 11 1 18 
14818 2 1 17 2 1 25 
12314 2 1 8 2 1 6 
8440 3 1 3 2 4 3 1 21 
26221 3 1 2 2 3 3 
22998 2 2 1 9 1 11 4 12 
5349 1 7 
11280 2 1 1 3 5 9 1 10 1 103 
12 2 1 7 2 1 7 1 77 
10560 
38209 1 14 1 19 1 30 1 77 
32200 2 2 1 37 1 41 
14730 8 1 6 2 4 4 2 19 
33653 2 2 1 3 1 14 2 64 
32865 6 2 1 4 2 35 1 74 1 77 
30574 
23879 3 1 3 3 2 27 1 31 
9507 
4823 1 1 9 2 1 18 
19635 16 9 8 10 1 17 3 57 
5876 4 1 1 4 3 25 
588 4 9 2 36 
12231 2 1 1 108 
23633 4 1 23 2 1 35 
34701 
12793 2 1 3 2 1 3 1 42 
25042 3 1 9 2 8 3 2 4 2 14 1 22 
27455 
12412 1 1 1 8 10 9 2 10 
25083 1 1 17 2 2 14 1 34 
37435 
25914 
1596 2 1 1 2 1 6 1 77 
34426 5 2 4 9 1 10 3 14 1 17 1 32 1 77 
11810 7 2 1 6 
41462 3 1 1 24 1 35 
19116 2 1 2 2 1 3 1 8 1 27 
13317 
13096 
10897 
38065 1 21 
28128 2 1 7 2 1 3 1 64 
35146 4 1 17 2 1 22 1 32 
23070 1 1 1 2 1 3 4 9 1 13 2 27 1 57 
11375 1 2 3 9 2 12 1 17 
15450 
11738 
10113 2 1 14 2 1 22 
14288 3 1 7 2 1 4 1 14 
14725 18 9 6 10 1 116 
20095 
17736 3 1 1 2 2 3 1 42 
520 4 9 1 10 1 64 1 71 
13371 3 2 2 94 
8109 1 2 1 24 1 44 
26874 
16642 13 2 2 3 
16683 6 2 1 4 5 9 1 12 1 14 
15398 20 2 6 3 
25401 4 2 2 45 
3919 
19620 5 2 2 29 
3301 
19298 5 9 1 12 1 37 
24818 2 1 10 2 1 6 2 77 
1236 
22314 2 1 2 2 1 27 1 70 
29467 2 9 2 10 2 24 1 53 1 57 
21019 
11933 2 1 11 2 1 7 
40172 
39951 
3418 2 1 6 2 1 4 2 77 
34145 2 1 3 2 1 25 1 101 
4131 
131 6 9 2 10 1 12 1 13 1 14 
15726 
29931 4 1 2 2 4 35 1 81 1 84 
9667 
32251 
39655 
29635 
41148 
9345 4 9 1 10 1 12 1 32 
13633 1 1 1 3 1 4 3 27 
36069 
22231 4 1 3 2 2 3 2 9 4 10 
32067 
21280 
34750 
38590 1 2 5 9 1 13 1 14 1 31 
9456 
16221 4 1 16 2 2 3 
576 1 18 1 21 
12998 2 1 9 2 1 3 1 14 
32599 
22 3 1 5 2 1 3 1 77 
36597 9 63 
6310 2 1 4 2 2 3 
9073 2 1 2 2 3 3 2 4 5 9 1 10 
20560 1 1 7 2 1 34 
24730 2 1 2 2 1 31 
34502 
38377 
13255 1 1 9 2 1 99 
14157 1 1 8 2 13 9 5 10 
23861 
36370 
6899 1 2 1 8 3 42 
29253 
19419 6 1 2 3 1 35 
11067 
35975 
40226 
11251 1 75 1 76 
39233 14 9 6 10 1 11 1 13 2 34 
8086 
807 1 2 2 41 1 103 
35617 3 1 20 2 4 9 1 10 1 17 1 32 1 77 
37323 4 2 10 9 2 10 2 22 
21865 
37996 
34129 1 64 
295 
6318 1 1 4 2 1 3 1 45 
38234 4 16 
21200 
4057 1 1 2 2 1 94 
16364 
34582 
28254 
31998 
34543 2 23 
11599 
2631 
5427 3 2 1 44 1 64 
5111 1 1 5 2 1 65 
27822 2 74 2 76 
33698 
3136 2 63 2 75 
1807 11 2 1 3 1 14 
26148 
1791 3 1 1 4 7 9 3 10 
19647 3 1 4 9 1 10 1 13 2 25 1 34 
36815 1 1 2 2 5 9 1 10 1 25 1 34 1 38 
22953 
3410 6 9 2 10 4 53 
38311 
27964 5 1 6 2 1 5 1 25 2 35 
18622 3 1 3 2 1 4 1 5 1 8 1 69 
30236 
35449 3 1 3 2 2 3 1 4 3 7 
35671 4 9 1 10 1 53 1 94 
7441 2 1 1 2 1 3 1 7 1 8 1 19 
32933 1 1 2 2 1 30 1 42 1 96 
22758 
7026 3 36 3 57 
4306 2 1 5 2 1 25 
7158 2 2 1 6 1 24 1 26 
4994 4 1 1 3 1 8 
14208 1 45 3 75 
6613 
23369 1 1 1 22 
32738 2 1 7 2 1 22 1 25 
26462 1 1 15 2 2 14 1 34 1 64 
23516 
25832 5 1 3 2 1 3 1 4 
16603 3 1 3 2 1 4 1 8 
7974 1 2 1 24 1 48 
35852 
5093 1 1 4 2 1 21 
25481 2 1 1 2 1 7 4 9 2 10 
25003 
2287 
10515 4 2 1 8 6 9 3 10 1 11 
31793 3 9 1 17 1 39 
21244 
31412 
14749 1 1 4 2 1 7 1 64 
5729 
25353 1 63 
39592 2 1 6 2 1 4 6 9 6 10 2 64 
6401 2 2 3 9 1 10 1 11 1 25 1 42 1 53 
34976 
18241 4 1 1 2 2 3 1 8 1 14 
35333 
32810 1 2 1 85 1 110 
38819 2 1 13 2 1 19 1 103 
4224 1 31 1 41 
195 
11200 2 1 7 2 1 45 
8448 2 1 2 2 2 26 
18254 
26364 2 1 8 2 2 3 4 9 2 10 
32280 
38289 
1631 
31 2 1 16 2 2 22 
21599 2 1 6 2 4 9 1 12 1 13 1 14 
23255 1 64 
24157 1 76 1 90 
31231 6 16 
29419 
21067 2 1 1 3 1 22 
19253 
13861 
34781 
21251 
11865 4 2 1 3 3 14 
36071 
34137 
12953 1 1 10 2 3 3 
2791 16 2 
29647 
41221 1 1 10 2 4 9 1 12 1 13 
10256 1 1 2 2 3 9 1 10 1 32 2 57 
17964 2 1 9 2 1 3 1 14 
28622 
36017 
32019 
6950 
38010 5 16 
36396 
17822 8 1 2 2 2 3 2 4 2 9 4 10 
36923 
2807 
31314 
37970 3 1 9 2 8 3 2 4 2 14 1 22 
39980 
16148 1 1 8 2 1 3 2 42 
13516 1 1 2 2 7 9 3 10 1 22 
36728 
36285 1 1 3 2 5 9 1 14 1 22 1 36 
3624 
37447 3 1 6 2 1 25 2 34 
6212 4 9 2 10 2 24 
16462 1 1 2 2 1 5 1 19 
15832 2 1 6 2 1 3 1 24 
26603 1 31 1 95 
15481 
34990 3 9 1 10 1 11 1 14 2 19 1 36 
9896 
12758 3 1 2 2 3 3 
40678 
24208 2 4 6 64 
13369 
38902 
3359 5 2 5 9 1 12 1 42 
15353 3 1 5 9 5 10 3 77 
28241 3 1 5 2 5 3 
8949 2 1 8 2 1 6 
1287 2 1 3 2 1 3 1 14 1 77 
8151 1 54 
15003 3 1 6 2 1 3 1 22 
20515 
39791 
37619 1 1 10 2 1 23 1 35 
11244 2 1 4 2 2 3 1 7 
9725 
24749 3 1 3 2 1 34 
34977 
20108 1 1 7 2 1 34 1 74 1 77 
407 18 9 10 10 
4086 
6439 
25598 
34615 
34404 
2977 
15155 4 1 6 2 2 3 
27745 
2778 3 9 1 10 1 11 1 36 1 42 
13772 3 1 8 2 1 4 1 14 
39710 1 1 15 2 1 34 
8057 2 1 4 9 1 10 1 13 1 42 
21575 
6528 3 9 1 10 2 17 1 42 
23571 1 14 
709 1 1 2 2 1 23 
37130 
39838 3 1 2 2 3 3 4 9 2 10 3 14 1 21 1 32 1 77 
27150 3 1 3 2 1 39 
12668 2 1 6 2 4 3 
23517 
15740 5 1 2 2 1 3 1 4 1 22 
17101 3 1 1 3 1 7 2 25 
34911 
29169 
7284 1 1 1 2 1 19 1 74 1 77 
20061 9 9 6 10 1 57 
8994 3 1 3 2 1 8 
30237 
38091 
19646 3 1 4 9 1 10 1 13 1 25 1 34 
10360 
8306 
20257 
15704 
35120 
1569 1 1 4 9 1 10 1 25 1 36 
14032 10 9 4 10 2 11 
30374 
18438 1 2 1 3 2 14 1 65 
14803 4 1 3 2 1 3 1 4 1 20 
16112 2 1 8 2 2 8 
9374 
2609 
40284 1 1 1 22 
6938 5 1 2 2 1 3 1 4 1 22 
37997 
6737 5 1 11 2 8 3 3 4 1 24 
40227 
35616 3 1 15 2 1 34 
17068 2 1 3 2 1 7 1 24 1 26 
8224 10 9 1 10 1 13 1 95 
10643 
34440 1 8 5 9 1 10 1 114 
10682 4 1 3 4 3 27 
14156 2 1 6 2 13 9 4 10 1 13 
38376 
2256 
94 8 9 2 10 2 11 
11066 
12514 3 6 1 8 1 64 
5146 
11575 2 1 2 2 3 9 1 11 2 13 
4448 2 1 1 39 
982 4 9 1 10 1 42 1 53 
30472 
13571 2 1 5 2 1 6 
7130 
35999 3 1 4 2 1 14 1 22 1 32 
10108 
40814 6 1 3 2 3 10 3 35 
15598 3 1 5 2 1 3 1 25 
35135 1 1 3 2 1 4 3 35 
25155 1 1 5 2 4 9 1 39 
1977 1 1 13 2 1 18 
7105 5 9 1 12 1 30 1 42 
23772 3 1 9 2 8 3 2 4 2 14 1 22 
32891 
7416 1 9 2 10 1 17 1 39 2 63 
17745 1 1 1 2 1 3 1 5 1 63 
1778 3 1 4 2 1 8 
32173 
19169 1 5 1 6 4 9 1 10 1 11 
27101 4 9 1 10 1 71 1 94 
6844 6 1 4 2 2 3 2 4 
31448 2 64 
17150 3 1 1 2 1 4 7 9 3 10 
22668 1 18 1 42 1 108 
19858 
13517 4 1 5 2 2 3 1 77 
37446 3 1 5 2 1 25 2 34 
25740 1 46 3 63 
25704 2 14 2 18 
9110 
5017 4 9 2 10 2 20 
38458 1 1 4 2 1 103 
2569 1 1 1 2 1 3 1 5 1 14 1 77 
24032 
34052 6 1 11 2 1 3 1 30 1 35 1 77 
31094 
28438 2 1 1 38 
31162 1 1 1 2 1 22 1 65 
30229 1 1 1 2 1 30 1 77 
9436 1 1 1 5 5 9 1 10 1 104 
38390 3 64 
10061 
36016 
6697 2 1 14 2 1 3 1 42 
32399 2 1 5 9 1 13 1 14 1 30 
36397 
20360 
29646 
34302 1 1 2 2 3 9 1 10 2 17 1 77 
10257 
6145 4 9 1 10 1 36 1 74 
4949 3 1 2 2 1 3 1 19 
37125 
34136 
27068 
20682 
24156 1 63 1 90 
7804 1 2 1 14 1 51 
1256 14 9 8 10 
20643 
6581 
21066 
22514 1 1 7 2 1 5 8 9 4 10 
3020 1 1 5 9 1 12 1 66 
26112 2 1 10 2 1 103 
24803 
1609 2 1 4 2 1 7 
4151 2 9 4 71 
40239 
3156 1 74 2 75 1 76 
34660 5 9 1 10 1 96 
9869 
3028 
30245 
5785 
10463 2 1 12 2 3 3 1 26 
20602 4 9 1 10 1 17 1 30 1 42 
24883 3 9 1 10 1 11 1 17 1 77 
24842 1 1 13 2 1 34 
38511 1 1 11 2 1 22 
14674 3 1 26 2 1 3 
39765 
38577 8 1 24 2 1 30 2 35 2 77 
12094 10 2 6 3 
37149 
6642 
35292 1 2 1 63 1 78 
12162 3 9 1 39 1 53 
9118 
25784 
36570 
15739 4 1 5 2 3 3 1 14 
37523 
25727 
20079 1 1 1 2 1 37 
293 
41112 6 1 2 2 1 3 3 10 1 33 2 35 1 42 
34343 6 2 2 3 2 14 
7883 
19466 2 16 2 42 
4037 4 9 1 10 1 17 1 63 
16564 
34382 
2651 
11399 4 1 1 4 1 6 1 25 
38866 
252 
27181 2 74 1 75 2 76 
10315 4 2 1 8 6 9 3 10 1 11 
29171 4 9 1 10 6 11 1 12 
27737 4 1 4 2 4 3 
20896 
37757 
40932 
11173 3 1 7 2 1 4 1 14 
677 1 6 2 42 
6786 
39392 8 1 4 2 4 26 1 81 
25553 
12448 2 1 2 2 4 9 1 13 1 17 
35533 
25018 2 2 1 30 1 42 1 77 
17729 1 1 4 2 1 3 2 14 
7602 5 9 1 10 1 109 
28894 2 1 20 2 2 35 
7138 1 2 6 3 
4440 2 1 20 2 1 22 
30864 4 1 1 4 1 101 
32575 1 2 3 3 3 14 1 77 
16618 4 1 3 2 2 4 1 7 
23569 3 9 1 10 1 17 1 36 1 77 
10870 
23316 1 63 
29117 1 1 2 2 1 30 1 74 5 75 1 77 
8823 
10188 2 1 4 2 8 9 4 10 1 25 1 77 
23097 6 45 
24459 4 1 16 2 1 35 1 64 
14213 
11891 1 6 5 9 1 10 1 69 
34439 10 9 2 10 1 70 1 114 
29893 
1770 
30922 
13895 2 1 4 2 1 34 
17694 3 1 1 2 1 4 1 45 1 64 
40204 
9789 
5865 
14842 3 1 1 2 1 3 1 75 
24674 
14883 
33763 2 1 1 2 1 4 2 24 1 25 1 77 
36596 4 2 2 60 
39494 7 2 1 14 1 34 
6930 3 1 15 2 1 3 1 22 
38493 1 6 5 9 4 10 1 17 2 24 2 42 1 53 1 57 
31514 
38712 3 1 14 2 1 32 
32066 
20463 1 1 14 2 1 22 
6905 2 1 2 2 2 4 10 9 2 10 
10602 
10079 
193 
15727 
4109 1 1 7 2 1 4 1 14 
29466 2 9 2 10 2 24 1 36 1 53 
26564 4 1 2 2 2 3 1 4 
6243 4 1 3 2 2 3 
1651 3 1 1 2 1 3 1 103 
21399 1 1 1 2 8 9 4 10 1 25 1 26 2 42 
7763 4 1 2 3 1 34 
35759 2 1 14 2 4 35 2 74 2 77 
22094 1 1 6 2 13 9 5 10 
15784 8 9 2 10 1 11 1 57 
22162 10 2 2 26 2 77 
25739 1 4 1 63 3 64 
3339 3 1 1 4 1 14 
31668 2 9 2 10 1 12 1 17 1 20 2 24 
15553 1 1 3 9 1 10 1 12 1 42 1 57 
7562 2 1 20 9 4 10 1 81 1 84 
5906 1 8 3 69 
27729 2 1 2 2 2 3 1 27 1 77 
5394 
15018 2 1 7 2 2 3 
22448 
8131 5 2 1 96 
152 
17181 7 1 4 2 3 4 1 14 
17737 4 1 2 2 3 3 1 14 
20315 3 1 1 35 1 42 
19171 2 1 1 2 2 9 2 11 2 13 
21173 3 1 2 2 2 3 1 4 1 8 
10896 
35147 4 1 19 2 1 22 1 32 
6866 1 1 1 3 1 27 1 77 
7945 
19117 1 1 2 2 1 8 1 27 
34484 4 9 1 11 1 13 1 14 1 42 
20870 1 1 7 2 1 22 
13316 2 1 4 2 1 56 
24213 1 9 5 10 5 64 
14459 2 1 1 4 1 7 10 9 2 10 
21891 
20188 
13097 2 2 3 9 1 11 2 12 
19893 
2770 8 2 
27694 
7203 2 1 2 2 1 4 2 14 
23895 3 1 3 3 2 27 1 102 
5164 4 2 4 9 4 10 1 34 
39048 
34427 
18894 5 1 1 2 1 3 1 4 2 6 
3081 
26618 
6520 
13569 3 1 13 2 1 3 1 77 
40240 
27937 
3127 1 75 1 90 
35607 5 2 3 14 1 32 
2605 1 1 1 2 5 9 1 10 1 34 1 77 
3603 4 9 1 10 1 42 1 71 
19409 1 1 8 2 1 34 
32844 4 2 3 9 2 10 1 14 1 39 1 53 1 70 1 99 
40732 
34348 5 1 13 2 1 22 1 35 
37957 
31526 5 2 4 3 1 76 
679 2 1 1 2 1 3 1 21 
2630 1 1 8 2 1 5 1 77 
21210 2 1 3 2 2 5 1 6 1 81 
37528 
17929 1 1 7 2 1 3 2 14 
14196 3 1 4 2 1 4 1 14 
24888 
41536 
28031 2 1 28 2 2 29 
38267 
24170 14 9 8 10 
22384 3 2 2 3 1 19 
36260 1 1 1 2 1 23 1 105 
20297 4 1 15 2 1 35 
1942 2 1 8 2 1 7 
18330 
16337 
23422 
12339 2 1 10 2 6 9 4 10 
9017 1 1 6 2 1 6 1 20 
5110 1 1 6 2 1 64 
26329 
41345 
4138 15 2 2 3 
22327 
7440 4 9 1 10 1 18 1 36 
11034 3 2 8 9 4 10 2 25 2 64 
1565 
4602 
16274 2 1 21 2 1 3 1 21 
38301 1 18 1 77 
30722 3 1 4 2 1 3 2 4 2 109 
3411 6 9 2 10 4 53 
5436 1 1 4 2 1 3 1 34 
1790 1 1 5 2 1 3 2 27 
10468 
36805 1 1 1 2 5 9 1 10 1 25 1 38 1 64 
10183 9 9 6 10 1 57 
10142 3 1 2 2 1 3 4 4 2 35 
14218 4 1 8 2 2 3 
29898 2 1 8 2 1 6 
27190 2 1 1 2 1 3 1 35 
3882 1 1 1 2 1 51 1 77 
3308 1 1 1 2 1 3 4 9 2 12 
33045 
140 1 1 1 3 1 5 1 21 
39965 4 1 2 2 4 3 
16613 1 1 21 2 1 8 
23506 2 1 5 9 1 12 1 34 
31041 
31402 2 1 5 2 1 14 1 22 1 31 
4883 1 1 4 9 1 10 1 17 1 25 
25984 
7037 
582 4 9 1 10 1 53 1 64 
25558 2 9 3 53 1 71 
6435 3 9 1 11 2 36 
13324 1 1 1 8 4 9 2 12 
12831 7 2 3 3 1 14 
10505 
39661 1 64 
15939 5 1 8 9 1 12 3 13 
37632 18 2 2 27 2 34 
21213 3 1 3 2 1 3 1 4 1 8 1 21 
11459 2 1 3 2 1 3 1 20 
24891 
5080 1 1 3 2 1 24 
12977 4 1 2 2 1 3 1 4 1 14 
16979 1 2 1 3 2 64 1 74 
19211 2 5 2 6 
9187 1 1 1 6 1 18 
27652 3 1 3 2 2 3 1 18 
39849 1 1 1 3 4 9 1 10 1 17 1 19 1 35 1 77 
12615 1 1 1 2 1 4 5 9 1 10 2 14 1 19 
36578 
12404 3 2 1 3 1 6 1 14 
19432 2 1 3 2 1 34 1 38 
8955 3 1 1 2 1 4 1 5 1 6 
26126 
21883 3 1 2 2 1 4 3 27 1 35 1 81 1 103 
40709 9 1 5 2 2 22 2 35 1 81 2 84 
21842 5 2 1 5 1 35 1 66 
2343 
11674 1 1 6 2 7 9 3 10 
3345 3 1 1 4 1 38 
19881 2 1 3 2 2 25 
17871 2 1 5 2 1 3 1 18 
15010 
3456 
22440 
28671 1 3 2 4 3 44 4 45 
28449 1 1 5 2 1 34 
7939 5 2 2 3 
3073 
2075 3 1 2 2 1 3 1 7 
41272 
31660 1 5 3 9 2 10 1 17 1 24 
25311 
12136 2 1 2 2 1 4 10 9 2 12 2 77 
28617 2 1 4 2 1 31 
36022 
33960 
12302 5 9 1 10 1 46 1 49 
26610 
4072 
40248 
28975 3 1 22 2 1 34 
31343 
31382 
8589 3 1 2 2 2 3 1 8 
25377 1 9 4 53 1 71 
39040 
14399 5 1 1 8 1 70 
15289 3 1 14 2 1 8 
12052 2 1 22 2 2 3 
27015 2 1 1 6 4 9 2 10 1 24 1 99 
17193 5 1 3 2 1 3 2 4 2 14 
35254 
9418 2 9 3 10 1 17 3 24 
13407 
17817 1 1 11 2 3 3 
7092 
20878 7 2 1 35 1 64 
25234 
3667 
20180 1 38 1 77 
13974 3 1 10 2 1 3 
19389 
17379 4 1 6 2 1 3 1 4 1 14 
39354 2 1 10 2 1 14 1 25 1 34 
29334 
27224 
38003 4 1 4 2 3 3 2 4 1 8 
25819 3 1 1 3 4 9 1 12 1 13 1 42 
39004 
28333 
41429 
2648 
26445 
38353 1 16 
27287 
9919 1 1 1 31 
14173 
22911 
9301 
29277 4 2 1 34 1 41 
15902 
11213 6 2 4 3 1 4 2 18 
21459 1 1 1 2 1 22 
14891 3 9 2 10 1 11 2 18 
7529 
31439 2 14 2 19 2 22 2 35 
29211 1 1 6 2 1 34 
22977 2 2 8 9 2 12 2 13 
26979 2 1 1 2 1 3 1 6 4 9 1 10 1 53 1 96 
22404 
17652 4 1 1 2 2 3 1 4 2 14 
22615 3 2 10 9 8 10 
8878 4 1 2 2 2 3 1 4 1 19 
40966 1 14 1 22 
38481 6 16 2 64 
28852 
7438 6 1 2 4 3 9 2 10 1 17 
4140 
38832 1 1 8 2 1 34 
12439 3 2 1 6 1 45 
23322 1 14 1 18 
16437 6 1 2 2 2 4 1 45 
1723 1 44 2 49 
15982 4 1 5 2 1 4 1 66 
15867 
15943 2 1 1 2 1 5 4 9 1 10 1 13 
18430 4 2 1 3 1 7 1 21 
1932 1 1 27 2 1 5 
8870 1 1 1 7 5 9 1 13 1 24 
30916 
6007 5 53 1 57 
5355 1 50 
28146 2 1 5 2 1 3 1 42 
35128 
7405 
22484 
16961 1 1 5 9 1 10 1 39 
25065 11 2 1 30 
32213 2 21 
7116 2 2 2 5 4 25 
10368 7 9 3 10 1 24 2 57 
5446 2 1 1 3 1 38 
14575 3 1 1 2 4 9 1 12 1 13 
38401 
22427 
41445 
4148 4 1 2 2 3 9 2 13 1 17 
26429 
7430 8 9 2 10 2 17 
34448 
39027 
19309 
38914 6 2 5 9 1 12 1 35 
27361 1 1 7 2 3 3 
20144 1 74 6 75 1 77 
38083 
38042 
1099 1 1 1 2 1 5 1 22 
17060 4 1 1 2 1 4 1 49 
33823 3 1 18 2 1 80 
19059 3 1 8 2 1 3 1 6 1 19 
37074 
39084 1 14 2 19 1 42 
16665 2 1 1 3 3 9 2 11 1 12 
35193 3 2 2 14 1 29 
12263 3 1 6 9 3 10 1 13 
32445 
3248 4 9 1 12 1 42 1 57 
17254 1 14 1 75 2 76 
39279 
36911 1 1 6 2 1 21 1 34 
30503 1 1 6 2 5 3 3 4 1 7 1 14 1 42 1 77 
10966 
22022 
38619 
32610 1 74 5 75 1 77 
9825 
10709 
35379 
11272 1 1 7 2 1 3 
27241 4 1 3 2 1 3 1 4 1 21 
16032 8 2 10 9 2 12 2 19 
2267 1 1 1 8 4 9 1 10 1 12 
710 1 5 1 25 1 44 
5250 1 1 1 2 4 9 1 12 1 17 
35652 3 1 11 2 1 34 
9796 1 1 1 2 1 3 1 6 1 77 
14112 3 1 6 2 2 3 1 14 
25632 
16803 4 1 8 9 2 10 2 13 
10248 5 1 15 9 3 10 1 81 2 84 
2409 4 9 2 10 1 41 1 74 
1072 4 9 1 10 1 11 1 21 
37902 
36440 
16156 3 1 8 2 1 4 1 21 
5571 1 1 9 2 1 29 
96 1 1 16 2 5 9 1 12 
38447 2 1 22 2 8 3 8 14 1 22 2 26 2 29 1 77 
19768 2 1 5 2 1 38 
39422 
17128 4 1 1 70 1 103 
19820 
34596 1 37 
38756 1 4 8 9 2 10 2 17 2 74 
2525 3 1 11 2 1 3 
39972 
11126 1 1 1 29 
28736 
3523 1 2 1 27 1 73 
26674 
16842 2 1 4 2 4 3 
37867 
37982 
16883 5 2 3 9 2 11 1 13 
37943 6 9 2 10 4 11 
6775 3 1 1 2 1 3 2 26 
13910 6 1 2 4 2 6 2 8 
9231 
10697 1 2 1 4 15 9 3 10 1 76 
18455 5 1 5 2 2 3 3 9 3 10 
24564 
1451 3 9 2 10 1 17 1 20 1 24 
35060 
20734 
30754 
10789 1 1 5 2 8 9 4 10 1 64 1 108 
11610 6 1 6 2 6 12 
33434 2 1 2 2 4 9 1 10 1 35 1 36 1 96 
20121 3 32 
23454 1 16 
5258 1 6 10 9 2 10 
15074 2 2 1 24 1 41 
8312 7 2 2 41 
4522 3 1 1 2 1 46 
32272 
29029 1 1 4 2 1 22 
4932 
4723 3 1 9 2 1 3 
5776 1 1 2 2 2 3 1 14 
578 1 19 1 22 
13833 2 1 4 2 1 3 1 18 
7211 1 1 3 2 1 110 
31263 
1148 2 64 2 75 
11445 2 1 1 2 1 3 4 9 1 12 1 17 
29835 
13679 3 1 2 2 4 3 1 4 1 14 
30583 2 1 7 2 2 22 
13441 6 2 5 9 1 13 
9591 
39855 
30542 1 1 4 2 1 3 2 42 
3240 4 1 2 2 1 3 1 4 1 14 
40368 
19037 2 1 1 2 10 9 2 10 1 70 
37209 
11979 1 1 9 2 1 23 
9687 3 9 2 10 1 24 1 36 1 42 
2900 4 9 2 10 1 20 1 64 
13002 3 1 3 2 2 3 1 14 
4099 
31578 1 1 12 2 1 3 1 35 
39586 4 2 1 4 2 35 
36484 3 1 2 2 5 9 1 10 1 35 
16459 
26213 2 2 5 9 1 12 1 22 
37576 
12457 2 1 2 2 1 6 1 8 1 26 
13352 2 1 5 9 1 10 1 104 
30105 
15138 5 1 4 2 1 3 1 4 
24618 5 1 2 4 5 9 1 10 1 34 
35595 
31746 
2935 
38420 
3933 
7079 3 9 3 10 1 42 1 114 
6857 1 1 6 2 4 3 1 4 8 9 4 10 1 14 1 77 
37748 2 1 1 2 2 3 1 4 1 18 1 42 
3722 1 1 4 9 2 10 1 14 1 19 1 25 
36427 13 2 3 25 2 34 
32429 4 1 2 2 1 3 1 34 
36660 2 1 13 2 3 9 1 10 1 26 1 34 2 53 1 77 
40100 
23910 2 1 16 2 1 25 1 35 2 100 
38667 
6514 5 9 1 10 1 48 
41032 3 1 1 2 3 10 3 34 
20697 
27128 2 1 7 2 1 25 2 77 
29820 
37065 
