1 2 1 14 2 
2 2 1 14 2 
3 3 1 2 2 1 3 
4 4 1 1 2 1 4 
5 1 1 3 2 1 5 
6 2 1 2 2 1 6 
7 2 1 1 2 1 7 
8 3 1 1 8 
9 4 1 1 9 
10 1 1 1 10 
11 2 1 1 11 
12 2 1 1 12 
13 1 1 2 2 1 13 
14 2 1 6 2 1 14 
15 6 15 
16 8 15 2 16 
17 4 15 2 17 3 168 
18 10 15 1 18 1 37 
19 5 15 1 19 
20 5 15 1 20 
21 1 1 5 15 1 21 
22 2 1 5 15 1 22 
23 3 1 5 15 1 23 
24 5 15 1 24 
25 1 1 5 15 1 25 
26 1 1 5 15 1 26 
27 5 15 1 27 
28 1 1 5 15 1 28 
29 4 2 2 29 
30 5 15 1 30 
31 3 2 2 31 
32 5 15 1 32 
33 1 1 1 2 1 33 
34 2 1 1 2 1 34 
35 4 1 1 3 1 35 
36 6 1 1 4 1 36 
37 1 1 5 15 1 37 
38 1 1 4 2 1 38 
39 5 15 1 39 
40 1 1 3 2 1 40 
41 2 1 1 2 1 41 
42 3 1 1 2 1 42 
43 4 1 1 2 1 43 
44 1 1 2 2 1 44 
45 1 1 5 15 1 45 
46 5 15 1 46 
47 1 1 5 15 1 47 
48 1 1 1 2 1 5 1 48 
49 1 1 3 2 1 49 
50 2 1 5 2 1 50 
51 4 1 2 2 1 3 1 51 
52 6 1 1 4 1 52 
53 1 1 5 15 1 53 
54 1 1 1 54 
55 2 1 1 2 1 55 
56 3 1 1 56 
57 1 1 1 57 
58 2 1 3 2 1 58 
59 4 1 1 3 1 59 
60 2 1 2 2 1 60 
61 3 1 2 2 1 61 
62 5 15 1 62 
63 1 1 5 15 1 63 
64 2 1 5 15 1 64 
65 1 65 3 168 1 169 
66 2 1 2 66 
67 4 1 2 67 
68 1 1 1 68 
69 2 1 1 69 
70 3 1 1 70 
71 5 15 1 71 
72 1 5 1 72 
73 1 1 1 73 
74 2 1 1 74 
75 3 1 1 75 
76 5 15 1 76 
77 1 1 1 2 1 77 
78 2 1 1 78 
79 3 1 1 79 
80 5 15 1 80 
81 1 81 5 168 1 169 
82 1 1 3 2 1 82 
83 1 1 3 2 1 83 
84 2 1 1 84 
85 1 1 1 85 
86 1 1 2 2 1 86 
87 1 1 1 87 
88 2 1 1 88 
89 1 1 1 89 
90 2 1 1 90 
91 3 1 1 91 
92 2 1 1 92 
93 3 1 1 93 
94 5 15 1 94 
95 5 15 1 95 
96 1 1 5 15 1 96 
97 1 1 5 15 1 97 
98 1 1 4 15 1 20 1 98 
99 2 1 5 15 1 99 
100 2 1 1 100 
101 1 1 1 101 
102 2 1 1 102 
103 3 1 1 103 
104 4 1 1 104 
105 5 15 1 105 
106 10 15 1 18 1 106 
107 1 1 1 107 1 130 
108 1 1 2 2 1 108 
109 2 1 1 109 
110 3 1 1 110 
111 1 1 1 111 
112 2 1 1 112 
113 1 1 1 113 
114 1 1 2 2 1 114 
115 2 1 1 2 1 115 
116 3 1 1 116 
117 1 1 1 117 
118 4 118 2 119 
119 2 119 
120 2 120 
121 1 119 1 121 
122 2 122 
123 5 15 1 123 
124 6 124 
125 5 15 1 125 
126 5 15 1 126 
127 1 1 1 2 1 127 
128 1 1 1 2 1 128 
129 5 15 1 21 1 129 
130 1 1 1 2 1 41 1 130 
131 1 1 1 2 1 131 
132 2 1 2 2 1 132 
133 5 15 1 133 
134 1 1 1 2 1 134 
135 2 1 1 2 1 135 
136 2 1 1 136 
137 3 1 1 4 1 137 
138 1 1 1 138 
139 2 1 1 139 
140 3 1 1 140 
141 5 15 1 141 
142 1 142 5 168 1 169 
143 1 1 1 143 
144 2 1 1 2 1 144 
145 4 1 1 3 1 145 
146 6 1 1 4 1 146 
147 1 1 5 15 1 147 
148 2 1 1 148 
149 2 1 1 149 
150 2 1 1 150 
151 2 1 1 151 
152 2 1 1 152 
153 1 1 5 15 1 153 
154 10 15 1 18 1 154 
155 2 1 1 155 
156 3 1 1 156 
157 3 1 3 2 1 157 
158 2 1 1 158 
159 3 1 1 159 
160 2 1 2 2 1 160 
161 3 1 1 161 
162 15 15 2 18 1 162 
163 15 15 2 18 1 163 
164 2 1 2 2 1 164 
165 1 1 1 2 1 165 
166 2 1 1 166 
167 3 1 1 167 
168 5 168 
169 1 1 4 168 1 169 
170 2 1 5 168 1 170 
171 2 168 1 171 
172 1 1 3 168 1 172 
173 2 1 3 168 1 173 
174 5 168 1 174 
175 4 168 1 175 
176 1 1 4 168 1 176 
177 3 168 1 177 
178 1 1 3 168 1 178 
179 5 168 1 179 
180 3 168 1 180 
181 1 1 3 168 1 169 1 181 
182 1 168 1 171 1 182 
166 2 1 1 166 