1 2 1 12 2 1 58 1 88
2 2 1 16 2 1 58 1 88
3 
4 
961 
1367 2 1 5 2
2928 3 1 6 2 1 3
3720 
3841 
3927 
4784 4 15 2 125
8613 
11409 3 1 4 2 1 3 1 50
11489 4 1 2 2 1 3 1 4 1 29
12454 4 1 2 15 1 20 2 22 1 123
14890 
17463 
18802 1 1 2 2 1 3 1 6 1 50
19844 
21434 
21528 
25952 2 15 4 71
27602 
27682 1 1 5 2 3 3
29210 
29672 
30125 
32409 
35932 
36407 4 2 2 3 1 34
36424 
36974 
38098 
38400 
38480 
38795 2 1 23 2 1 34 1 144
39526 2 15 1 17 1 30 1 34 1 175
40533 
200000 1 1 1 2 1 29
300000 
400000 