64 3 9 2 17 1 57
159 4 9 1 53 1 57
160 4 9 1 36 1 57
161 4 9 1 17 1 57
168 4 9 1 12 1 57 1 64
169 4 9 1 10 1 24 1 57
172 4 9 1 10 1 18 1 57
176 
177 1 1 4 9 1 10 1 34 1 57
180 
181 4 9 2 57
199 
200 
253 
259 
294 2 9 1 10 1 31 3 57
297 1 18 1 55
318 
522 
528 2 1 1 22 1 34
532 
562 1 1 1 2 1 55
738 
834 
855 5 2 1 56
878 
960 1 1 1 2 8 9 1 10 1 13 2 53 1 56
961 1 1 8 9 1 10 1 13 2 53 1 56
985 2 9 1 11 3 57
995 
996 3 9 1 10 1 24 2 57
999 3 9 1 11 1 36 1 57
1016 
1026 1 1 3 9 1 12 2 57
1045 3 9 1 11 2 57
1052 
1057 4 9 1 53 1 57
1059 
1060 3 9 1 36 1 53 1 57
1061 4 9 1 10 1 42 1 57
1066 
1069 
1149 
1178 
1186 1 54
1201 
1214 
1215 
1247 3 9 1 10 1 11 1 42 1 57
1265 
1289 
1340 
1357 
1358 
1359 
1430 
1458 
1466 4 9 1 57 1 71
1467 
1500 
1502 
1565 
1573 3 9 1 10 1 17 1 24 1 57
1666 
1682 3 9 1 36 1 53 1 57
1693 
1709 
1779 
1782 
1796 
1803 
1832 
1901 
1907 
1916 
1926 
1929 
1930 
1947 
1951 2 1 3 2 2 9 2 10 1 35 2 57 1 74
1971 
1974 4 9 1 12 1 42 1 57
2008 
2017 
2036 
2058 
2066 3 9 1 10 1 11 1 42 1 57
2139 3 9 1 10 1 31 2 57
2193 
2194 
2195 
2205 
2214 9 9 2 10 1 57
2276 
2363 
2405 
2407 
2445 
2462 
2463 
2464 
2511 1 1 1 55 1 77
2531 
2532 
2537 
2570 4 2 1 56
2582 
2584 3 9 1 11 1 17 1 57
2586 
2587 
2599 
2613 3 53 3 57
2614 
2616 1 1 4 2 1 3 2 9 2 10 1 35 2 57 1 74
2620 
2682 
2722 
2740 
2755 1 1 1 2 1 14 1 56
2758 
2776 
2800 
2830 
2837 
2881 
2890 3 9 1 10 1 11 1 42 1 57
2891 3 9 1 10 1 11 1 42 1 57
2930 
2936 3 9 2 53 1 57
2940 
2954 3 9 1 10 1 17 1 24 1 57
2973 
2982 3 9 1 17 2 57
2995 1 1 2 2 2 9 2 10 1 35 1 44 2 57 1 74
3009 
3023 
3024 
3029 
3046 
3071 
3072 
3073 
3081 
3085 
3086 
3087 
3175 2 9 1 36 1 39 1 57
3191 
3248 4 9 1 12 1 42 1 57
3263 
3283 
3292 4 9 1 10 1 57 1 74
3305 
3331 
3333 3 9 1 10 1 42 1 53 1 57
3335 
3352 2 9 1 17 1 39 1 57
3361 4 9 1 10 1 57 1 74
3362 4 9 1 57 1 71
3373 
3376 
3382 9 1 3 4 2 9 3 10 1 57
3401 
3428 1 9 2 39 1 57
3447 
3448 
3467 
3480 
3535 4 9 2 10 6 57
3594 
3619 1 1 8 2 1 55
3641 
3657 
3663 
3672 
3673 4 9 2 10 4 57
3674 
3684 
3691 
3708 2 9 1 36 3 57
3723 3 9 2 10 1 24 1 42 1 57
3811 
3814 2 1 7 2 1 56
3841 3 9 2 10 1 24 1 42 1 57
3846 
3847 
3891 
3898 2 9 2 17 2 57
3944 4 9 2 57
3947 3 9 1 10 1 20 2 57
3967 
3978 
3990 2 9 1 11 1 17 2 57
4091 
4096 3 9 1 10 1 11 1 42 1 57
4099 
4133 3 9 2 10 1 57 1 114
4147 
4157 4 9 1 10 1 42 1 57
4164 4 9 1 10 1 20 1 57
4179 4 9 1 17 1 57
4181 4 9 1 10 1 24 1 57
4184 4 9 1 10 1 20 1 57
4188 
4196 
4222 
4240 
4242 
4292 3 9 1 17 2 57
4315 4 9 1 10 1 57 1 64
4317 3 9 1 17 2 57
4342 7 9 2 10 1 57
4364 3 9 1 10 2 57 1 64
4367 
4378 4 9 1 10 1 57 1 64
4379 3 9 1 17 2 57
4383 1 5 4 9 1 10 1 57
4388 4 9 1 10 1 57 1 64
4441 3 9 1 10 1 31 2 57
4468 
4475 2 9 1 11 2 36 1 57
4508 
4532 
4533 
4542 
4544 
4553 
4578 
4580 
4596 2 1 1 2 1 56
4598 
4608 
4610 3 9 2 53 1 57
4611 3 9 1 11 2 57
4613 2 9 1 11 3 57
4614 6 9 2 10 2 57
4617 9 9 4 10 1 57
4620 3 11 3 57
4623 3 9 2 10 2 42 1 57
4635 2 9 3 11 1 57
4650 
4651 5 9 2 10 1 17 2 57
4653 6 9 2 10 2 57
4654 3 9 1 11 2 57
4655 3 9 1 36 2 57
4657 2 9 1 10 1 24 3 57
4664 3 9 1 39 1 57
4665 3 9 1 39 1 57
4673 1 9 3 11 2 57
4687 
4688 
4693 1 1 4 9 1 10 1 34 1 57
4694 2 9 1 11 3 57
4695 3 9 2 10 2 42 1 57
4696 3 9 3 57
4700 1 1 3 9 1 10 1 25 2 57
4703 3 9 1 17 1 53 1 57
4706 3 9 2 53 1 57
4707 
4708 
4734 4 9 1 10 1 44 1 57
4735 
4738 1 2 2 55
4759 3 9 1 39 1 57
4816 2 9 2 11 2 57
4817 2 9 2 17 2 57
4840 3 9 2 53 1 57
4843 3 9 1 11 2 57
4847 3 9 1 17 1 53 1 57
4850 
4851 1 1 4 9 1 10 1 34 1 57
4858 
4870 
4884 
4885 
4904 5 9 1 10 1 55
4964 
4985 1 2 1 14 1 55
4992 
5000 
5023 1 1 1 2 1 55 1 77
5024 
5047 2 1 1 3 1 14 1 56
5050 1 1 2 2 1 55
5054 
5062 
5074 1 1 3 2 1 55
5083 3 9 1 36 1 53 1 57
5120 1 1 6 2 1 55
5160 
5167 
5182 1 9 2 11 3 57
5196 3 9 1 36 1 53 1 57
5205 3 9 1 10 1 17 1 24 1 57
5206 4 9 1 10 1 57 1 63
5244 3 9 2 10 1 57 1 114
5255 
5266 1 1 4 2 1 55
5281 2 1 4 9 1 13 1 57
5282 
5285 
5288 4 2 4 9 1 10 1 35 1 57
5292 4 9 1 10 1 57 1 74 1 77
5297 
5298 
5312 
5315 3 9 1 17 2 57
5316 
5431 
5464 
5476 3 9 1 11 1 17 1 57
5491 
5512 
5513 
5538 
5539 
5540 
5559 
5569 
5678 2 55
5701 
5708 
5744 2 1 1 4 2 55
5755 
5808 
5829 
5830 6 9 2 10 1 36 1 57
5867 
5881 
5918 1 1 1 55
5934 2 1 1 56
5944 
5945 
5946 
5953 5 1 1 4 3 10 3 57
5958 3 9 2 11 1 57
5992 
6002 1 9 1 17 3 53 1 57
6007 5 53 1 57
6008 1 9 2 17 3 57
6032 3 9 2 11 1 57
6037 4 1 1 4 1 9 3 10 1 24 2 57
6085 
6137 1 57 5 71
6139 
6149 3 9 1 10 1 17 1 57 1 74
6158 4 9 1 11 1 57
6159 4 9 1 53 1 57
6160 4 9 1 17 1 57
6162 2 1 1 2 2 9 1 13 1 17 2 57
6163 2 9 1 53 3 57
6164 2 9 1 17 3 57
6170 3 9 2 10 1 24 1 42 1 57
6173 3 9 1 11 1 53 1 57
6174 3 9 1 11 1 53 1 57
6175 3 9 2 53 1 57
6176 3 9 1 17 1 53 1 57
6177 2 9 3 53 1 57
6184 3 9 2 11 1 57
6217 4 9 1 10 1 24 1 57
6234 
6235 
6294 9 9 2 10 1 57
6312 
6315 
6385 2 1 3 9 1 11 1 13 1 57
6467 3 9 1 10 1 11 1 42 1 57
6468 3 9 1 53 2 57
6469 3 9 1 36 2 57
6501 4 9 1 10 1 57 1 74
6519 5 9 1 57
6526 4 9 1 11 1 57
6527 4 9 1 36 1 57
6530 2 9 1 36 2 53 1 57
6531 3 9 1 10 1 42 2 57
6535 3 9 2 11 1 57
6536 3 9 2 53 1 57
6537 3 9 1 17 1 36 1 57
6538 4 9 1 10 1 20 1 57
6541 4 9 2 57
6568 
6569 4 9 1 11 1 57
6604 4 9 1 10 1 34 1 41 1 57
6622 
6657 
6681 
6720 
6745 
6754 3 1 1 4 4 9 1 10 1 57
6763 3 1 1 4 1 55
6798 
6817 4 9 1 10 1 38 1 57
6841 1 1 2 9 1 10 1 25 3 57
6885 
6903 
6915 3 9 1 10 1 36 1 42 1 57
6932 
6976 
6978 1 55 1 74
7013 1 1 2 9 1 12 3 57
7015 
7017 
7026 3 36 3 57
7054 
7059 
7069 4 9 1 10 1 42 1 57
7070 1 9 1 11 1 17 3 57
7085 4 9 1 36 1 57
7092 
7094 
7095 
7096 3 9 1 11 1 36 1 57
7097 
7100 
7128 
7161 1 1 4 9 1 12 1 57
7162 1 1 4 9 1 10 1 25 1 57
7199 
7205 5 2 2 9 1 13 1 17 2 57
7219 2 1 3 2 2 9 2 10 1 35 2 57 1 74
7226 
7227 
7234 
7253 
7258 
7261 
7273 5 1 1 2 1 4 2 9 2 10 1 33 2 57
7290 
7302 
7348 
7362 1 1 4 9 1 12 1 57
7371 2 1 1 3 1 55
7394 
7429 
7650 4 11 2 57
7716 3 9 1 17 2 57
7719 
7751 
7765 
7806 1 9 4 53 1 57
7819 2 9 1 10 1 42 3 57
7831 
7840 8 9 2 10 2 57
7843 
7855 
7893 
7902 
7918 
7933 
7947 2 1 1 2 1 9 2 10 1 35 1 36 2 57 1 74
7955 
7969 
7985 
7996 
8005 2 2 2 55
8023 
8049 
8056 
8064 
8085 
8088 3 9 1 11 2 57
8099 
8100 
8113 
8135 
8146 1 1 4 9 1 12 1 57
8151 1 54
8167 
8170 
8190 7 9 2 10 1 57
8212 
8235 
8236 
8238 
8239 
8256 
8260 
8261 
8319 
8342 
8363 3 9 3 57
8378 
8385 1 54
8422 
8430 
8464 
8768 
8798 2 1 2 3 2 27 1 56
8799 2 1 2 3 2 27 1 56
8881 
8883 
8973 
9046 
9058 
9060 
9062 
9063 
9158 
9159 
9219 
9234 9 9 2 10 1 57
9240 3 9 1 11 1 36 1 57
9248 2 9 1 17 1 36 2 57
9252 3 9 1 11 1 36 1 57
9253 3 9 1 10 1 24 1 36 1 57
9255 4 9 1 10 1 31 1 57
9259 
9275 4 9 1 10 1 18 1 57
9303 
9309 4 9 1 57 1 71
9361 3 9 1 10 1 42 2 57
9367 
9370 
9372 1 55 1 64
9375 3 9 1 11 1 36 1 57
9377 3 9 1 10 1 24 1 36 1 57
9389 1 9 2 11 3 57
9390 
9391 2 9 1 10 1 20 3 57
9392 8 9 2 10 2 57
9394 4 9 1 10 1 57 1 63
9395 3 9 1 10 1 42 2 57
9396 3 9 1 11 1 36 1 57
9398 
9399 
9400 
9406 3 9 1 36 2 57
9407 1 1 4 9 1 10 1 57 1 77
9410 4 9 1 10 1 57 1 94
9411 
9413 
9416 
9419 4 9 1 10 1 57 1 63
9424 
9431 
9442 
9446 
9448 1 1 1 3 1 14 1 51 1 56
9449 1 3 1 14 1 51 1 55
9451 1 9 3 57 2 71
9452 9 9 6 10 1 57
9457 3 9 1 36 1 53 1 57
9459 
9460 2 1 1 2 3 9 1 10 1 35 2 57
9461 4 2 3 9 1 10 1 35 2 57
9467 9 9 6 10 1 57
9471 
9474 
9482 
9486 8 9 2 10 2 57
9488 
9514 3 57 3 71
9524 
9534 
9535 2 1 1 4 1 56
9536 1 1 1 7 1 55
9537 
9538 1 1 1 6 4 9 1 10 1 57 1 77
9543 
9544 
9545 
9548 1 1 3 9 1 10 1 34 2 57
9558 
9561 
9562 4 9 1 10 1 57 1 74 2 75 1 77
9566 
9597 4 9 2 10 4 57
9599 5 9 2 10 3 57
9600 5 9 2 10 3 57
9601 5 9 2 10 3 57
9608 5 9 2 10 3 57
9609 2 9 1 10 1 42 2 57 1 71
9614 8 9 2 10 2 57
9616 8 9 2 10 2 57
9623 
9630 
9636 
9666 
9668 
9679 
9685 1 1 1 3 1 14 1 55
9698 
9699 
9705 
9714 
9718 
9719 2 11 1 17 3 57
9720 2 9 1 36 2 53 1 57
9721 2 9 1 36 2 53 1 57
9740 
9743 
9744 
9752 
9755 2 9 1 10 1 44 3 57
9757 2 9 1 12 3 57 1 64
9765 8 9 2 10 2 57
9769 1 5 3 9 1 10 1 32 2 57
9776 1 1 3 9 1 10 1 32 2 57
9777 1 1 2 9 1 10 1 32 3 57
9779 11 9 6 10 1 57
9781 4 9 3 10 2 12 1 18 1 57
9791 
9797 2 1 3 2 3 9 1 10 1 35 2 57
9798 2 1 1 2 3 9 1 10 1 35 2 57
9799 4 2 3 9 1 10 1 35 2 57
9811 
9812 4 9 1 10 1 12 1 32 1 56
9813 
9821 
9827 1 9 1 53 4 57
9837 2 2 1 56
9838 2 1 1 2 2 9 1 10 1 35 3 57
9840 1 1 1 2 3 9 1 10 1 32 2 57
9841 2 1 3 9 1 10 1 33 2 57
9842 1 1 2 2 3 9 1 10 1 32 2 57
9843 2 1 1 3 3 9 1 10 1 32 2 57
9845 
9846 
9852 9 9 6 10 1 57
9853 9 9 6 10 1 57
9854 9 9 6 10 1 57
9855 9 9 6 10 1 57
9856 
9858 
9859 
9863 
9869 
9872 
9889 5 9 3 10 1 24 2 57
9890 5 9 3 10 1 24 2 57
9894 
9897 
9900 
9913 
9918 
9929 
9935 
9938 
9942 2 9 1 10 1 17 2 57 1 63
9946 
9950 
9963 
9966 
9983 
10000 
10008 2 9 3 53 1 57
10010 
10014 2 1 2 9 4 10 1 17 1 25 1 57 1 77
10020 1 1 1 9 1 12 1 17 3 57
10021 3 9 2 10 1 11 1 17 1 57 1 77
10033 2 9 1 11 1 36 2 57
10042 
10043 8 9 3 10 1 24 1 57
10057 
10061 
10063 
10064 
10065 
10066 
10076 
10077 2 2 1 18 1 55
10089 
10091 
10092 
10093 
10094 
10095 
10100 
10103 5 2 2 9 1 10 1 33 3 57
10108 
10115 8 9 6 10 2 57
10116 8 9 6 10 2 57
10124 
10125 
10131 1 10 1 24 2 53 3 57
10135 
10143 5 2 3 9 1 10 1 33 2 57
10145 
10146 3 9 1 10 1 36 1 57 1 64
10148 
10149 
10150 1 1 3 2 1 56 1 64
10157 2 1 3 2 3 9 1 10 1 35 2 57
10169 
10174 
10175 2 9 1 53 3 57
10180 
10182 1 1 1 6 7 9 3 10 1 34 2 57
10183 9 9 6 10 1 57
10184 
10185 
10186 
10192 
10193 5 9 2 10 1 57 1 77
10203 4 9 2 10 4 57
10209 4 9 2 10 2 12 1 36 1 57
10221 
10224 
10230 5 9 1 10 1 19 1 55
10231 11 9 8 10 1 57
10235 
10237 
10241 
10242 1 1 4 2 8 9 3 10 1 25 1 57 1 77
10243 1 6 6 9 3 10 1 24 3 57
10244 1 6 6 9 2 10 4 57
10247 
10249 
10250 
10251 1 1 1 2 3 9 1 10 1 32 2 57
10252 1 5 3 9 1 10 1 32 2 57
10253 1 5 2 9 1 10 1 32 3 57
10254 2 1 5 2 2 9 1 10 1 35 3 57
10255 4 2 2 9 1 10 1 35 3 57
10256 1 1 2 2 3 9 1 10 1 32 2 57
10261 4 9 4 10 2 24 4 57
10262 
10263 
10264 
10272 
10294 1 36 3 57 2 71
10295 5 57 1 71
10296 1 11 5 57
10302 
10313 8 9 6 10 2 57
10322 
10325 5 9 2 10 3 57
10327 
10331 
10334 2 36 3 57 1 71
10351 
10352 
10353 
10355 
10357 
10358 
10363 
10365 8 9 4 10 1 11 1 57
10368 7 9 3 10 1 24 2 57
10370 1 2 1 27 1 56
10371 8 9 4 10 1 11 1 57
10373 
10375 
10377 
10379 
10380 2 9 1 10 3 57 1 64
10388 
10394 4 9 2 10 4 57
10395 4 9 2 10 4 57
10396 5 9 2 10 3 57
10397 5 9 2 10 3 57
10406 1 6 6 9 2 10 1 17 3 57
10407 1 53 5 57
10408 1 10 5 57 1 64
10409 2 9 1 36 2 57 1 71
10410 1 36 4 57 1 71
10411 1 53 4 57 1 71
10419 
10420 
10426 
10431 
10438 
10440 
10442 1 1 1 3 1 14 1 45 1 49 1 55
10449 
10458 
10468 
10472 4 9 2 10 1 36 3 57
10476 7 9 2 10 3 57
10477 
10479 5 9 2 10 1 36 2 57
10480 5 9 2 10 1 36 2 57
10498 3 9 1 10 1 36 1 57 1 63
10499 6 9 4 10 2 57 2 64
10500 8 9 3 10 1 57 1 64
10501 7 9 3 10 1 24 2 57
10502 7 9 3 10 1 24 2 57
10510 
10521 
10532 2 1 1 9 1 13 1 17 3 57
10536 
10540 
10541 
10561 
10563 
10571 
10579 
10584 
10585 
10586 
10593 
10594 
10595 6 2 2 4 2 56
10596 4 2 2 4 4 56
10597 
10598 
10608 1 2 10 9 1 10 1 13 1 35 1 56
10609 
10610 
10621 
10622 
10623 
10624 
10625 
10626 
10627 
10628 
10629 
10634 
10635 
10637 4 2 1 10 1 35 2 53 3 57
10638 
10644 
10658 
10659 
10660 
10665 1 6 6 9 2 10 4 57
10688 
10689 6 1 2 2 1 4 1 35
10709 
10710 
10711 
10718 
10720 
10721 
10722 
10723 1 17 5 57
10757 
10850 
10965 
10989 
10991 
10995 
11001 2 56
11021 
11026 
11029 
11063 
11070 
11082 
11083 
11085 
11087 
11121 2 9 1 36 1 53 2 57
11132 
11154 
11236 
11259 
11277 5 11 1 57
11361 
11398 1 6 9 9 2 10 1 57
11429 
11440 
11452 
11472 
11474 
11521 
11563 
11662 3 9 1 10 2 57 1 100
11734 
11751 
11892 1 2 1 55 1 74
11898 4 11 2 57
11935 
11954 
11967 
11973 
12015 2 1 2 2 1 56
12125 
12135 
12143 2 9 2 11 2 57
12144 3 9 3 57
12149 
12158 3 9 1 17 1 53 1 57
12218 2 1 1 2 1 3 1 55
12224 
12239 
12255 1 6 9 9 2 10 1 57
12289 1 1 5 2 1 55
12299 
12346 
12384 
12385 
12418 2 2 4 9 1 10 1 14 1 32 1 57
12430 
12477 
12485 1 9 2 53 3 57
12544 
12557 1 9 2 36 3 57
12598 3 2 1 3 4 9 1 10 1 14 1 35 1 57
12625 2 1 3 2 1 56
12750 3 1 1 3 1 56
12824 2 1 2 2 1 56
12960 
12961 
13039 
13088 
13092 
13095 
13154 1 1 13 2 1 6 1 22
13307 1 1 2 9 1 10 1 34 3 57
13316 2 1 4 2 1 56
13362 6 9 2 10 1 36 1 57
13363 6 9 2 10 1 36 1 57
13370 
13380 2 1 3 9 1 11 1 13 1 57
13433 
13452 4 1 1 2 1 8 2 9 1 10 1 13 2 57 1 77
13456 
13514 3 9 1 10 1 17 1 57 1 64
13522 
13533 2 9 1 17 2 53 1 57
13534 3 9 1 10 1 17 1 57 1 64
13547 6 9 2 10 1 36 1 57
13575 
13576 
13624 
13659 
13698 4 1 2 2 1 9 3 10 1 33 2 57
13716 2 2 8 9 2 10 2 35 2 57
13782 
13837 1 6 8 9 2 10 2 57
13856 1 6 7 9 2 10 3 57
13857 1 6 7 9 2 10 3 57
13858 1 6 7 9 2 10 3 57
13864 
13882 
13949 
14168 3 1 1 2 1 4 1 35 1 56
14536 
14554 1 1 7 2 1 55
14665 2 1 1 2 4 9 1 12 1 35 1 57
14666 2 1 1 2 4 9 1 12 1 35 1 57
14667 2 1 1 2 4 9 1 12 1 35 1 57
14742 6 9 2 10 1 36 1 57
14743 6 9 2 10 1 36 1 57
14838 2 9 4 57
14869 3 9 1 10 1 17 1 57 1 74
15026 
15027 
15028 1 1 11 2 2 9 1 10 3 57 1 77
15029 1 1 7 2 2 9 1 10 3 57 1 77
15030 1 1 5 2 2 9 1 10 3 57 1 77
15031 1 1 3 2 2 9 1 10 3 57 1 77
15080 
15097 2 9 2 10 1 11 2 42 1 57
15109 4 1 1 4 1 56
15199 
15340 1 1 3 9 1 10 1 13 1 14 1 24 1 57
15357 1 1 3 9 1 12 1 36 1 57
15440 
15441 
15470 
15471 
15537 1 1 2 9 1 10 1 12 1 36 1 57 1 64
15538 1 1 2 9 1 12 1 36 1 53 1 57
15539 1 1 2 9 1 12 1 36 1 53 1 57
15552 1 1 3 9 1 10 1 12 1 42 1 57
15553 1 1 3 9 1 10 1 12 1 42 1 57
15567 1 1 1 9 1 10 1 12 1 39 1 57 1 64
15568 1 1 1 9 1 10 1 12 1 39 1 57 1 64
15569 1 1 1 9 1 12 1 39 1 53 1 57
15570 1 1 1 9 1 12 1 39 1 53 1 57
15574 1 1 2 9 1 12 1 39 1 57
15575 1 1 2 9 1 12 1 39 1 57
15577 
15578 
15579 
15700 
15701 
15702 
15703 
15724 
15725 
15727 
15776 8 9 3 10 1 24 1 57
15784 8 9 2 10 1 11 1 57
15785 8 9 2 10 1 11 1 57
15786 8 9 3 10 1 57 1 64
15789 8 9 2 10 1 36 1 57
15949 2 1 15 2 1 56
15950 
16035 1 1 3 11 1 12 2 57
16044 
16045 
16046 
16047 
16050 
16051 
16059 9 9 2 10 1 57 1 77
16069 
16070 1 9 1 10 2 11 1 36 1 57 1 64
16229 1 9 2 11 2 53 1 57
16230 1 9 2 11 2 53 1 57
16231 4 1 4 12 2 57
16232 
16323 
16324 
16325 
17003 
17114 
17147 1 1 3 9 1 10 1 22 2 57
17270 
17273 2 9 2 53 2 57
17274 
17280 
17305 
17825 3 1 2 3 1 55
17826 3 1 1 2 1 3 1 56
17877 2 1 3 2 1 56
18003 2 1 3 9 1 10 1 13 1 24 1 25 1 57
18004 1 1 2 2 3 9 2 10 2 24 1 26 1 57
18005 1 1 3 9 1 10 1 13 1 24 1 25 1 44 1 57
18006 1 1 3 9 1 10 1 13 1 24 1 25 1 48 1 57
18007 1 1 3 9 1 10 1 13 2 24 1 57
18008 1 1 3 9 1 10 1 13 1 24 1 25 1 57 1 65
18022 1 1 3 9 1 10 1 13 1 24 1 25 1 57 1 74
18062 
18063 
18141 
18620 
18621 
18780 
18781 
18811 
19074 1 1 1 2 1 8 4 9 1 10 1 14 1 57 1 77
19145 8 9 3 10 1 24 1 57
19148 
19159 
19161 
19162 4 1 3 9 2 13 1 57
19187 
19201 
19202 
19203 
19204 
19205 
19206 
19207 
19219 
19221 
19223 
19224 
19225 
19227 
19228 
19229 
19230 
19231 
19232 
19267 
19268 3 1 13 2 1 34
19269 4 1 11 2 1 35
19270 
19271 
19272 1 1 6 2 1 34
19273 
19274 
19275 
19276 
19277 4 1 7 2 1 35
19278 
19279 
19280 
19281 1 74 1 77
19282 
19283 
19284 
19285 
19286 
19287 
19288 2 1 1 2 1 34 1 38
19289 
19290 
19291 
19292 4 1 1 35
19293 1 1 5 2 1 34
19294 1 1 1 2 1 37
19295 1 1 4 2 1 34
19296 
19297 3 1 7 2 1 34
19298 5 9 1 12 1 37
19299 
19300 
19301 
19302 3 1 5 2 1 34
19303 
19304 
19305 
19306 
19307 
19308 1 37
19309 
19310 
19311 
19312 3 1 6 2 1 34
19313 
19314 1 1 3 2 3 25 1 37
19315 
19316 
19317 
19318 
19319 
19320 
19321 
19322 
19323 
19324 
19325 
19326 
19327 
19328 
19329 1 63
19330 6 1 6 2 2 3 1 35
19331 
19332 
19333 
19334 
19335 
19336 
19337 3 11 2 34
19338 4 1 6 2 1 35
19339 
19340 
19341 
19342 
19343 
19344 
19345 1 1 7 2 1 34
19346 
19347 4 1 7 2 1 35
19348 4 1 9 2 1 35
19349 
19350 1 64
19351 
19352 
19353 
19354 
19355 
19356 3 1 5 2 1 34
19357 
19358 3 1 9 2 1 34
19359 
19360 1 1 9 2 1 34
19361 2 1 3 2 1 38
19362 
19363 1 1 7 2 1 37
19364 
19365 
19366 
19367 
19368 
19369 
19370 
19371 
19373 
19374 
19375 
19376 
19377 
19378 
19379 3 1 1 2 1 39
19380 
19381 
19382 
19383 
19384 
19385 2 1 1 2 1 38
19386 2 1 5 2 1 34 1 38
19387 
19388 3 1 3 2 1 34
19389 
19390 1 74 2 75 1 77
19391 
19392 4 1 8 2 1 35
19393 
19394 3 9 2 34
19395 1 1 3 2 1 37
19396 2 2 2 37
19397 
19398 
19399 
19400 4 1 13 2 1 35
19401 
19402 3 1 1 34
19403 
19404 
19405 3 1 1 4 1 37
19406 6 1 1 2 2 3 1 35
19407 
19408 4 1 15 2 1 35
19409 1 1 8 2 1 34
19410 
19411 
19412 
19413 
19414 
19415 2 9 1 11 2 34
19416 4 1 3 2 1 35
19417 
19418 
19419 6 1 2 3 1 35
19420 1 1 1 37
19421 1 21
19422 
19423 4 1 14 2 1 35
19424 5 9 1 10 1 77
19425 3 1 3 2 1 34
19426 
19427 
19428 
19429 
19430 
19431 
19432 2 1 3 2 1 34 1 38
19433 
19434 
19435 
19436 
19437 2 1 3 2 1 38
19438 2 1 7 2 1 38
19439 1 1 5 2 1 37
19440 3 1 5 2 1 39
19441 
19442 
19443 2 1 6 2 1 38 1 77
19444 
19445 1 1 7 2 4 9 1 39
19446 
19447 
19448 2 1 8 2 1 3 1 35 1 38
19449 2 1 5 2 1 38
19450 3 1 3 2 1 39
19451 2 1 2 2 1 38 1 77
19452 
19454 
19455 
19456 
19457 
19458 3 1 5 2 1 34 1 39
19459 4 9 1 10 1 17 1 77
19812 1 1 1 3 1 14 1 77
19831 
19847 
19880 
19916 
19947 
19989 3 9 2 10 1 57 2 64
19995 
20001 2 9 1 36 1 53 2 57
20008 
20019 
20060 1 1 3 9 1 10 1 32 2 57
20061 9 9 6 10 1 57
20141 
20143 2 1 1 3 1 77
20144 1 74 6 75 1 77
20145 4 1 8 2 2 34
20146 
20147 
20148 
20149 1 6 2 77
20150 
20151 
20152 
20154 5 1 3 2 1 3 1 35
20155 4 1 12 2 1 22 1 25 1 35
20156 
20157 1 1 4 2 1 22
20158 
20159 2 1 13 2 1 14 1 34
20161 2 1 1 2 1 26
20162 
20163 
20165 
20166 
20167 
20169 
20170 
20171 4 9 1 10 1 36 1 77
20172 
20173 
20174 
20175 
20176 
20177 
20178 
20179 1 1 14 2 1 35
20180 1 38 1 77
20181 
20182 
20183 3 2 3 14 1 34
20184 
20185 
20186 3 2 1 22 1 29
20187 1 1 1 28
20188 
20189 
20190 
20191 1 22 1 31
20192 
20193 
20194 2 2 1 6 1 31 1 35 1 74 3 75
20195 1 1 2 2 1 35
20196 5 9 1 12 1 30 1 77
20197 1 1 1 2 1 22
20198 3 1 11 2 1 34
20199 2 1 12 2 1 14 1 25 1 34
20200 
20201 
20202 1 4 1 14 2 22 1 77
20203 
20204 
20206 
20207 4 2 2 37
20208 4 1 5 2 2 34
20209 
20211 4 9 1 10 1 11 1 77
20212 5 9 1 10 1 35
20213 2 1 2 2 1 14 1 34
20214 
20215 3 1 21 2 1 34
20216 5 9 1 10 1 25 1 77
20217 
20218 
20219 2 1 5 2 1 29
20220 1 14
20222 
20223 
20224 
20225 
20226 
20227 1 2 1 22 1 30 1 42
20228 1 1 10 2 1 35
20229 1 42 1 77
20230 1 1 2 2 1 22
20231 
20232 2 1 5 2 1 14 1 34
20233 4 9 1 10 1 25 1 53 1 77
20234 
20235 2 1 1 26
20236 
20237 4 9 1 10 1 57 1 77
20238 
20239 
20240 
20242 1 1 16 2 1 22
20243 
20244 
20245 1 1 10 2 1 22
20246 4 2 1 8 8 9 4 10 1 28
20247 
20248 1 23
20249 1 1 16 2 1 35
20250 1 2 1 14 1 35
20251 
20252 4 1 5 2 1 35
20253 
20254 
20255 
20257 
20258 1 1 3 2 1 22
20259 2 1 17 2 1 14 1 34
20260 
20261 7 1 8 2 3 3 1 35
20262 
20263 2 1 3 2 1 38
20264 
20265 
20266 3 1 6 2 8 3 1 6 1 8 3 14 2 77
20267 
20268 
20269 
20270 
20271 
20272 
20273 
20275 
20276 
20277 
20278 
20279 
20280 
20281 
20282 2 1 15 2 1 14 1 34
20285 
20286 1 1 11 2 1 25
20287 
20288 
20289 
20290 
20291 
20292 3 1 21 2 1 34
20293 
20294 
20295 1 1 15 2 1 22
20296 
20297 4 1 15 2 1 35
20298 
20299 
20300 2 77
20302 
20303 4 1 1 3 1 30
20304 1 1 15 2 1 37
20305 11 2 1 35
20306 3 9 1 10 2 11 1 77
20308 
20310 1 1 1 35
20311 
20312 
20313 
20314 
20315 3 1 1 35 1 42
20316 
20317 2 2 2 22
20318 2 1 1 3 1 22
20319 4 1 7 2 1 35
20320 
20323 9 2 1 35
20324 
20325 
20326 5 1 2 2 1 3 1 35
20327 
20328 
20329 
20330 
20331 3 9 1 10 2 11 1 77
20332 1 22 1 29
20333 
20334 
20335 
20336 
20337 10 2 1 3 1 30
20338 
20339 
20340 
20341 
20342 1 1 5 2 1 22
20343 
20344 
20345 
20346 
20347 
20348 
20349 4 1 4 2 2 34
20350 1 1 9 2 1 22
20351 
20352 1 1 12 2 1 35
20353 2 1 1 2 5 9 1 10 1 32
20354 
20355 
20356 
20357 
20358 
20359 4 1 2 9 1 10 2 13 1 17 1 77
20360 
20361 
20362 
20363 
20364 
20365 
20366 
20367 
20368 
20369 1 1 13 2 1 22
20370 5 1 3 2 1 3 1 35
20371 
20372 
20373 2 1 3 2 1 14 1 34
20374 1 2 2 22
20375 
20376 
20378 4 1 6 2 2 34
20379 
20380 1 14 1 22
20381 
20382 
20383 
20384 4 9 1 39
20385 
20386 1 34
20387 
20388 
20390 
20391 
20392 
20393 
20394 
20395 
20396 
20397 
20398 7 2 1 35
20400 1 1 7 2 1 34
20401 
20402 
20403 
20404 10 9 1 10 1 12 1 29
20405 1 3 2 14 1 19 1 77
20406 4 9 2 10 1 64 1 77
20407 
20408 
20409 
20410 
20411 4 9 2 10 1 42 1 77
20412 
20413 
20414 
20415 
20416 
20418 1 1 1 2 1 35
20419 1 1 11 2 1 37
20420 6 2 3 14 1 34
20421 
20422 4 9 1 10 1 11 1 77
20423 
20425 
20426 
20427 1 2 5 3 6 14 1 77
20428 1 29 1 77
20429 2 35
20430 
20431 2 1 2 2 1 38
20432 1 14 1 77
20433 1 6 1 42 1 77
20434 1 1 11 2 1 22
20435 2 32
20436 4 9 1 10 1 11 1 77
20437 
20438 
20439 
20440 1 1 7 2 1 22
20441 3 2 1 33 1 77
20442 1 9 1 11 2 34 1 57
20443 2 1 7 2 1 14 1 34
20444 
20445 
20446 
20448 
20449 
20450 
20451 
20452 4 1 10 2 1 35
20453 
20454 15 9 1 10 2 12 1 32
20455 
20456 
20457 
20458 5 9 1 10 1 77 1 96
20459 1 1 8 2 1 22
20460 
20461 
20462 
20463 1 1 14 2 1 22
20464 
20465 1 1 12 2 1 22
20467 
20468 
20469 
20471 2 3 2 14 2 77
20473 
20474 2 2 1 30 1 77 1 102
20475 3 1 14 2 5 9 1 12 1 35
20476 
20477 
20479 2 9 2 34 1 57
20480 
20481 2 3 2 14 2 77
20482 4 1 19 2 1 35
20483 3 1 5 2 1 21 1 25 1 35
20484 
20485 4 9 1 10 1 57 1 77
20486 
20487 3 9 1 10 2 57 1 77
20488 
20489 
20490 
20491 1 1 5 2 1 35
20492 
20493 1 1 1 22
20494 2 1 11 2 1 38
20495 
20496 
20497 
20498 4 9 1 10 1 57 1 77
20499 2 1 1 31
20500 
20501 2 3 2 14 2 77
20502 
20503 
20504 
20505 
20506 
20507 1 1 1 3 1 14 1 77
21121 
21125 
21158 2 9 1 11 1 36 2 57
21159 
21160 
21161 
21162 3 9 1 11 2 57
21170 3 9 2 17 1 57
21201 
21209 
21226 
21228 
21229 
21234 
21235 
21236 
21243 
21270 
21273 2 1 3 2 2 9 1 10 1 35 3 57
21276 7 9 2 10 3 57
21283 
21284 
21286 
21290 
21291 
21292 
21294 
21295 
21300 
21303 
21304 1 3 5 9 1 10 1 14 1 51 1 56
21306 
21307 4 9 2 10 1 36 3 57
21313 1 9 5 57
21314 6 57
21334 1 1 1 2 4 9 1 10 1 19 1 57 1 77
21345 
21346 
21347 2 1 1 6 7 9 2 10 1 13 2 57
21350 
21352 
21380 
21382 2 9 2 10 2 24 2 57
21383 
21384 
21385 
21386 
21387 
21391 
21395 
21397 1 9 1 36 4 57
21411 
21412 
21413 
21414 2 9 1 10 3 57 1 64
21417 
21420 4 9 2 10 2 12 2 57
21426 
21436 
21439 
21445 
21448 
21470 2 1 1 3 1 14 1 45 1 49 1 56
21556 1 1 3 9 1 12 1 36 1 57
21603 4 9 1 13 2 42 1 57
21604 4 9 1 13 2 42 1 57
21645 2 9 1 10 1 17 1 42 2 57
21653 
21654 2 1 4 9 1 10 1 19 1 35 1 57
21660 2 9 3 57 1 71
21671 2 9 2 10 6 11 2 57
21673 1 1 11 2 2 6 1 22
21687 
21775 
21783 
21821 
21822 
21824 
21855 3 10 3 57 3 64
21906 
21924 
21925 
21937 
21941 
21942 
21987 
21996 
22004 
22016 
22018 
22090 
22126 
22127 
22132 
22149 
22174 
22184 
22194 
22202 1 6 8 9 2 10 2 57
22232 
22249 
22270 
22276 
22278 
22283 1 1 2 9 1 10 1 12 1 36 1 57 1 64
22303 
22307 
22318 
22319 
22334 
22335 
22355 
22362 
22363 
22364 
22365 
22366 
22367 
22405 
22407 
22409 
22418 
22482 
22483 
22484 
22488 
22489 
22492 
22493 
22495 
22498 
22538 
22569 1 1 6 2 8 9 3 10 1 25 1 57 1 77
22571 
22620 
22667 
22676 2 9 1 10 3 57 1 63
22677 
22679 
22680 
22681 
22685 8 9 2 10 2 57
22686 
22688 6 9 3 10 1 57 1 64
22689 
22694 
22695 1 1 8 9 3 10 1 57 1 77
22700 1 1 3 9 1 10 1 34 2 57
22709 2 9 1 12 1 14 3 57
22722 
22723 
22730 
22736 1 1 1 11 1 12 1 17 3 57
22748 
22749 
22750 5 2 3 9 1 10 1 33 2 57
22755 
22756 
22759 3 9 1 10 1 12 1 32 1 57
22762 1 1 2 2 2 9 1 10 1 32 3 57
22763 1 1 1 2 2 9 1 10 1 32 3 57
22768 
22776 3 1 1 4 1 19 1 55
22779 1 3 1 4 1 14 1 55 3 64
22803 
22804 1 6 6 9 2 10 4 57
22807 
22814 
22818 
22885 
22897 
22899 
22900 
22918 
22919 
22936 
22939 
22948 
22951 1 6 8 9 2 10 2 57
22967 
23013 2 1 3 3 2 27 1 77
23014 2 1 3 3 2 27 1 77
23036 
23041 
23042 
23067 1 1 1 3 4 9 1 13 2 27 1 57
23068 1 1 1 3 4 9 1 13 2 27 1 57
23069 1 1 1 2 1 3 4 9 1 13 2 27 1 57
23070 1 1 1 2 1 3 4 9 1 13 2 27 1 57
23071 2 1 2 3 4 9 1 13 2 27 1 57
23072 2 1 2 3 4 9 1 13 2 27 1 57
23135 
23202 
23204 
23206 
23208 1 1 6 2 1 22
23210 
23212 
23214 
23216 
23218 
23220 
23222 
23224 1 1 10 9 2 12 1 34
23226 
23486 
23487 
23491 
23494 6 1 8 2 2 35
23496 3 1 11 2 1 34
23497 3 1 17 2 1 34
23498 3 1 16 2 1 34
23499 
23500 
23501 
23502 3 1 8 2 5 9 1 12 1 35
23503 2 1 17 2 1 29
23504 1 4 1 14 2 22 1 42
23505 4 1 23 2 1 35
23506 2 1 5 9 1 12 1 34
23507 
23508 
23509 
23510 2 1 1 2 1 29
23511 2 1 11 2 5 9 1 12 1 34
23512 
23513 3 1 15 2 1 34
23514 2 1 13 2 5 9 1 12 1 34
23515 1 1 3 2 1 35
23516 
23517 
23518 3 1 9 2 1 34
23519 2 22
23520 2 1 9 2 1 29
23521 2 1 13 2 1 29
23522 2 1 7 2 1 29
23523 4 1 22 2 1 35
23524 11 9 4 10 2 34
23526 4 1 10 2 2 34
23527 3 1 2 2 5 9 1 12 1 35
23529 
23530 2 1 2 38
23531 
23532 
23533 6 1 12 2 2 35
23534 6 1 14 2 2 35
23535 
23538 6 1 10 2 2 35
23539 1 24
23541 
23542 
23543 
23544 6 1 9 2 2 35
23545 1 22 1 77
23546 
23547 
23548 
23549 
23566 4 9 2 10 2 77
23567 
23568 
23569 3 9 1 10 1 17 1 36 1 77
23570 2 9 1 10 1 25 3 53 1 77
23571 1 14
23572 1 1 1 25
23573 
23574 
23575 
23576 
23577 
23578 3 1 1 4 4 9 2 10 1 77
23579 
23580 3 9 1 10 1 25 2 53 1 77
23581 4 9 1 10 1 53 1 77
23582 1 44 1 77
23583 3 9 1 10 2 17 1 77
23584 
23585 
23586 
23587 
23588 
23589 
23590 
23591 
23592 1 4 2 14 1 19 1 22 1 42
23593 
23594 
23595 5 2 1 29
23596 2 1 15 2 5 9 1 12 1 34
23597 8 1 7 2 4 3 1 35
23598 1 1 1 38
23599 1 1 9 2 1 37
23600 
23601 8 2 2 35
23602 
23603 
23604 5 2 1 3 1 77
23605 4 2 2 35
23606 
23607 6 2 2 35
23608 3 1 3 2 1 34
23609 
23610 4 9 1 10 1 25 1 53 1 77
23611 
23612 4 9 1 10 1 36 1 77
23613 
23614 
23615 4 9 2 10 1 63 1 77
23616 2 1 2 3 3 9 3 10 3 14 1 29
23730 
23746 
23748 8 1 3 2 4 3 1 35
23750 3 63
23754 4 9 2 10 2 77
23756 2 9 1 10 3 11 1 77
23761 4 1 20 2 1 35
23764 1 14 1 19 1 30 1 77
23765 4 1 21 2 1 35
23768 2 1 1 102
23771 2 1 1 2 1 3 1 77
23772 3 1 9 2 8 3 2 4 2 14 1 22
23774 
23776 
23783 
23787 
23789 
23792 
23795 
23799 
23803 6 1 3 2 3 3 1 34
23805 3 1 7 2 1 34
23817 6 2 4 5 2 34
23819 3 1 4 9 2 10 2 34 1 77
23822 
23827 3 2 2 22
23829 2 1 21 2 1 29
23836 
23842 3 1 1 25 1 35 1 94
23844 6 2 6 5 1 6 2 35
23846 3 1 1 4 1 77
23849 1 14 1 19 1 22
23851 
23853 
23855 
23857 
23858 
23860 
23862 
23864 
23877 
23879 3 1 3 3 2 27 1 31
23881 3 1 3 3 2 27 1 31
23887 5 9 1 10 1 22
23889 2 1 1 6 2 35
23891 4 1 3 3 2 27 1 103
23893 4 1 3 3 2 27 1 103
23895 3 1 3 3 2 27 1 102
23898 4 1 3 2 2 34
23901 4 1 7 2 2 34
23903 
23905 
23906 
23908 
23910 2 1 16 2 1 25 1 35 2 100
23912 3 1 1 3 5 9 1 13 1 14 1 34
23914 3 1 2 2 1 3 1 24 1 34
23916 3 1 3 3 2 27 1 102
23918 4 1 3 3 2 27 1 34
23920 4 1 3 3 2 27 1 34
23922 3 1 4 2 2 3 1 4 1 77
23924 3 1 4 2 2 3 1 4 1 77
23928 
23929 
23931 
23937 
23938 
23941 2 1 9 2 5 9 1 12 1 34
23943 
23945 
23947 
23949 4 1 9 2 1 35
23951 2 1 4 2 1 6 2 35
23953 
23958 
23962 
23964 
23966 
23969 
23971 
23974 
23976 
23978 
23980 3 1 5 2 1 3 1 14 1 34
23982 
23984 
23995 
23997 
23999 
24001 
24007 
24012 
24024 3 1 2 2 1 32
24043 
24057 
24077 
24122 
24124 
24137 1 1 3 2 2 32
24227 
24283 
24285 
24288 
24290 
24292 
24294 
24316 
24325 2 1 2 2 1 38
24334 
24346 
24349 
24354 
24356 
24360 
24364 
24365 
24390 
24394 2 1 1 2 1 38
24405 
24412 
24417 2 9 1 11 3 57
24423 
24425 
24426 
24427 
24429 
24440 3 9 1 57 2 71
24441 3 9 1 57 2 71
24442 3 9 1 57 2 71
24444 1 1 1 22 1 77
24447 1 1 2 2 2 77
24454 4 1 13 2 1 35
24456 4 1 19 2 1 35
24458 4 1 16 2 1 35
24466 1 1 4 2 1 37
24471 
24476 
24488 
24505 
24507 
24532 
24541 
24543 
24545 
24547 
24551 
24558 1 1 5 2 4 9 1 39
24560 5 2 2 37
24565 
24573 3 9 1 11 1 17 1 57
24576 
24588 
24591 
24594 
24600 
24613 
24622 
24630 
24631 5 2 4 3 1 56
24645 
24647 
24648 
24649 
24650 
24651 
24657 
24662 
24663 
24683 
24684 
24685 
24705 
24708 5 2 1 24 1 27 1 34
24712 3 2 1 14 1 37
24727 
24729 2 1 2 2 1 31
24732 2 1 1 38
24739 
24741 4 2 2 14 1 31
24745 
24752 1 1 11 2 1 34
24754 
24756 
24757 
24759 
24761 
24767 1 6 1 42 1 77
24777 1 1 2 2 1 37
24781 1 1 8 2 1 34
24783 
24785 
24787 
24792 
24793 
24800 
24807 2 1 4 2 1 14 1 34
24809 
24810 6 2 1 24 1 34
24816 
24819 6 2 2 22
24821 3 2 2 14 1 29
24823 
24836 3 1 1 35 1 44
24838 2 1 4 2 2 38
24841 1 1 13 2 1 34
24843 
24845 
24850 
24857 
24860 
24865 
24871 1 1 6 2 1 35
24883 3 9 1 10 1 11 1 17 1 77
24885 2 1 2 2 2 38
24890 
24898 1 1 1 2 3 9 1 10 1 33 1 42 2 57
24901 7 2 1 24 1 34
24903 
24905 
24908 
24910 
24912 
24917 
24928 3 9 1 10 1 11 1 17 1 77
24934 
24940 
24947 1 9 2 17 1 53 2 57
24951 
24959 
24968 
24970 
24972 
24978 1 1 1 2 1 22 1 37
24982 3 1 9 2 8 3 2 4 2 14 1 22
24984 3 1 8 2 9 3 2 4 3 14 1 22
24986 
24998 
25000 1 2 2 3 3 14 1 77
25003 
25007 1 14 1 19 1 30 1 77
25010 
25012 
25014 
25016 2 2 1 30 1 42 1 77
25019 2 3 2 14 1 42 1 77
25021 1 2 4 3 5 14 1 77
25025 
25036 2 1 1 8 4 9 1 10 1 17 1 33 2 77
25046 
25048 
25061 1 1 19 2 2 14 1 34
25067 
25071 2 1 3 2 2 3 1 29 1 77
25075 
25083 1 1 17 2 2 14 1 34
25101 
25105 
25112 3 9 2 17 1 57
25114 1 2 1 14 1 30 1 77
25154 1 1 5 2 4 9 1 39
25158 2 1 1 2 1 3 1 30 1 77
25159 
25168 1 1 1 2 1 3 1 14 1 55
25169 1 1 1 30 1 77
25171 2 3 2 14 2 77
25175 4 1 15 2 1 35
25182 
25188 1 1 7 2 4 9 1 39
25199 
25218 
25220 1 1 8 2 2 3 1 34
25224 3 1 2 2 1 34
25241 
25246 
25249 3 1 7 2 1 34
25255 1 1 1 3 1 14 1 35
25272 
25274 
25283 3 1 1 2 1 21 1 35
25307 
25311 
25317 
25319 2 1 2 2 1 38
25324 2 2 1 30 2 77
25337 
25341 2 1 17 2 1 38
25354 
25386 2 9 4 57
25387 2 9 4 57
25392 1 1 3 9 1 10 1 33 1 42 2 57
25398 
25402 
25417 5 1 2 3 1 32
25419 3 1 7 2 1 39
25429 2 1 1 2 1 3 3 9 1 10 1 33 1 42 2 57
25430 4 2 1 22 1 42
25442 5 2 1 24 1 34
25468 
25480 
25498 1 55
25507 
25509 
25525 
25594 2 1 2 2 5 9 1 10 2 35
25606 
25610 
25620 
25622 6 2 3 3 1 4 1 77
25639 6 9 3 10 1 11 1 77
25650 
25673 
25679 
25750 
25765 1 55
25800 
25802 
25804 
25817 1 1 7 2 1 35
26142 1 55
26145 2 2 1 30 1 77 1 94
26156 
26208 1 1 2 2 1 25
26213 2 2 5 9 1 12 1 22
26228 5 1 1 4 4 10 1 18 2 57
26239 
26242 4 1 12 2 2 34
26245 2 2 2 56
26257 
26271 2 1 1 38
26275 1 11 2 36 3 57
26277 
26288 
26295 
26297 
26299 
26306 
26345 
26355 
26359 
26361 1 1 1 2 1 25
26388 
26399 
26401 
26416 
26417 
26429 
26438 
26441 
26451 
26461 1 1 15 2 2 14 1 34
26468 3 9 2 17 1 57
26470 1 30 1 60 1 77
26473 
26475 2 1 1 3 1 30 1 77
26477 1 1 2 2 1 3 1 14 1 55
26478 1 3 1 14 1 22 1 77
26492 3 1 6 2 1 34
26494 
26501 
26504 3 1 5 2 1 34
26515 
26522 
26525 2 1 7 2 1 35
26527 
26535 2 1 15 2 1 38
26540 
26546 
26562 
26566 2 1 1 3 3 9 1 10 1 33 1 42 2 57
26567 5 2 3 14 1 32
26570 2 2 1 22 1 42
26574 2 1 1 2 1 38
26582 
26588 
26593 2 1 12 2 1 35
26602 
26607 
26616 
26618 
26633 2 1 1 8 1 77
26641 1 2 5 9 1 12 1 22
26667 1 11 1 36 4 57
26674 
26681 4 9 1 10 1 57 1 97
26687 
26705 
26712 
26718 
26731 3 1 18 2 1 34
26737 
26739 
26760 3 1 2 2 1 21 1 35
26762 3 1 3 2 2 25 1 34
26764 1 22 1 42
26767 
26780 3 9 2 17 1 57
26783 
26786 3 2 1 29 1 30 1 77
26789 1 1 1 3 1 14 1 30 1 77
26802 
26804 2 1 1 3 1 35 1 77
26806 
26808 
26810 2 1 2 2 2 3 1 29 1 77
26812 
26814 2 1 1 2 1 3 1 35 1 77
26816 
26818 
26835 
26836 
26838 
26839 
26842 
26845 
26851 3 9 1 10 1 32 1 42 2 57
26853 3 1 4 2 1 34
26862 4 1 11 2 1 35
26872 
26873 1 1 3 2 1 3 1 14 1 55
26874 
26875 1 51 1 77
26877 1 6 2 77
26881 1 1 2 2 4 9 1 13 1 32 1 53 1 77 1 108
26903 2 2 1 14 1 28
26913 
26933 
26939 
26990 
26992 
27053 
27060 2 1 9 2 1 38
27062 2 1 11 2 1 38
27064 2 1 13 2 1 38
27074 
27079 
27084 
27089 
27094 
27102 
27104 
27106 
27108 
27145 3 1 8 2 1 39
27150 3 1 3 2 1 39
27152 3 1 4 2 1 39
27155 
27159 3 1 7 2 1 39
27162 7 9 3 10 1 12 1 57
27186 
27188 2 1 1 3 1 35
27190 2 1 1 2 1 3 1 35
27194 2 1 1 2 1 3 1 35
27209 1 1 4 2 1 35
27221 
27228 
27303 
27305 
27347 3 2 1 6 1 56
27392 1 1 13 2 1 35
27408 4 1 11 2 1 35 1 101
27410 4 1 13 2 1 35 1 101
27412 4 1 15 2 1 35 1 101
27423 
27426 
27428 
27430 
27456 
27459 
27463 
27465 
27471 
27474 
27477 
27479 
27486 
27522 2 2 5 9 1 12 1 35
27524 1 2 5 9 1 12 1 35
27526 5 9 1 12 1 35
27533 
27538 3 2 1 29
27545 
27546 
27547 2 9 1 10 1 11 1 31 2 57
27548 2 9 1 10 1 11 1 31 2 57
27549 
27550 1 11 1 36 4 57
27551 1 11 1 36 4 57
27602 4 3 4 14 1 20 1 77
27604 4 3 4 14 1 20 1 77
27606 5 9 1 12 1 22
27616 2 2 4 9 2 10 1 29
27662 
27664 
27799 
27801 
27803 
27805 
27807 
27810 
27813 
27867 
27882 
27899 
27902 6 1 2 4 2 9 2 10 2 57
27911 2 2 4 35
27912 
27914 
27916 
27919 
27936 
27949 3 1 7 2 5 9 1 12 1 25 2 34
27951 4 1 7 2 3 25 2 34
27953 5 1 4 2 1 5 1 25 2 35
27955 4 1 9 2 1 25 2 34
27957 4 1 9 2 1 25 2 34
27959 4 1 9 2 3 25 2 34
27961 4 1 9 2 2 25 2 34
27964 5 1 6 2 1 5 1 25 2 35
27966 3 1 9 2 5 9 1 12 1 25 2 34
27968 4 1 7 2 2 25 2 34
27972 4 1 7 2 3 25 2 34
27993 
27997 3 2 2 35
27998 
28012 
28013 
28019 
28027 
28037 1 1 15 2 1 35
28043 2 9 1 17 3 57
28044 2 9 1 11 3 57
28047 
28049 
28092 3 1 2 2 3 3 2 27 1 102
28094 3 1 2 2 3 3 2 27 1 102
28199 
28200 
28201 
28202 
28204 
28207 
28209 
28210 
28212 
28215 
28247 3 2 2 37
28259 5 1 18 2 1 4 1 34 2 35
28262 
28313 
28333 
28339 3 9 1 10 2 53 1 77
28349 1 39 2 77
28353 3 9 1 10 1 53 1 71 1 77
28369 
28378 
28380 
28388 
28430 2 2 9 9 3 10 1 26 1 28 1 74
28437 2 1 1 38
28447 2 1 2 2 1 38
28456 1 1 4 9 1 10 1 32 1 57
28457 1 2 4 9 1 10 1 21 1 32 1 57
28459 
28461 
28463 3 1 1 3 4 9 1 12 1 13 1 77
28471 2 1 4 2 1 38
28473 2 1 6 2 1 38
28475 2 1 8 2 1 38
28477 1 1 1 2 1 5 1 38
28484 1 72
28488 1 85
28491 1 1 1 97
28502 
28504 1 1 8 2 1 35
28525 2 1 7 2 1 38
28529 
28531 3 1 12 2 1 34
28536 2 1 5 2 1 38
28542 4 2 1 4 1 31 2 35
28546 
28547 
28553 
28556 
28558 
28560 
28568 
28573 
28575 
28576 1 1 10 2 1 77 1 98
28609 2 1 1 5 1 32
28612 2 1 2 2 1 31
28614 3 1 3 2 1 32
28616 2 1 4 2 1 31
28618 2 2 2 5 1 31
28620 2 1 2 2 1 5 1 32
28632 
28641 4 2 1 3 1 77
28643 6 2 2 37
28654 
28677 1 1 6 2 1 27 1 34
28685 
28691 
28698 
28700 
28702 
28709 
28711 
28713 
28715 
28717 
28719 
28721 5 9 1 12 1 35 1 77
28723 
28724 
28725 
28726 
28727 
28734 
28749 
28753 
28760 
28766 
28767 
28768 
28769 
28770 
28771 
28772 
28773 
28786 
28788 
28790 
28792 
28794 
28796 
28798 
28803 
28805 
28807 
28845 
28870 
28875 
28897 2 1 4 2 2 3 2 14 2 35
28912 3 1 2 2 1 22 1 35 1 42
28915 3 1 3 2 1 22 1 35 1 42
28927 
28936 6 1 7 2 2 3 1 35
28938 6 1 7 2 2 3 1 35
28941 
28945 
28947 
28954 
28961 20 2 2 34
28963 3 1 1 2 1 25 1 32
28972 
28974 3 1 22 2 1 34
28993 
29004 
29006 
29008 
29017 
29019 
29021 
29023 
29025 
29040 
29060 
29062 1 1 11 2 1 22 1 34
29065 2 2 1 14 1 37
29083 
29086 4 9 1 10 1 57 1 94
29087 4 9 1 10 1 57 1 94
29092 1 1 9 2 2 35
29094 
29096 1 1 6 2 1 32
29098 
29100 
29102 
29104 
29106 
29126 1 1 10 2 1 27 1 34
29128 1 1 4 2 1 27 1 34
29131 1 1 12 2 1 27 1 34
29135 
29142 
29155 
29167 
29168 
29169 
29179 7 2 1 3 1 96
29181 
29195 2 2 1 14 1 35
29200 
29210 1 1 6 2 1 34
29213 
29214 
29216 1 1 8 2 1 27 1 34
29217 
29219 
29222 1 1 12 2 1 34
29224 1 1 10 2 1 34
29273 2 1 5 2 1 14 1 34
29277 4 2 1 34 1 41
29279 1 37 1 41
29294 
29299 
29302 
29305 1 1 9 2 1 35
29325 
29326 
29340 
29343 
29354 
29356 
29361 
29365 3 2 1 94
29369 5 2 1 94
29387 2 1 2 2 1 34 1 41
29389 2 2 1 37 1 41
29398 3 9 2 10 1 11 2 77
29401 
29428 3 1 2 2 1 103
29447 1 1 10 2 1 34
29451 
29453 
29455 
29467 2 9 2 10 2 24 1 53 1 57
29473 
29476 
29478 
29485 
29486 
29488 
29489 
29491 
29493 
29495 
29497 
29500 
29517 
29531 
29539 
29543 3 1 1 4 3 9 1 12 1 13 2 14 1 17 1 29
29551 
29553 
29555 
29558 
29560 
29562 
29564 
29566 
29579 1 2 1 19 1 33 1 77
29587 
29588 3 1 14 2 1 34
29590 3 1 11 2 1 34
29592 3 1 10 2 1 34
29595 
29598 1 41 1 77
29609 
29614 3 1 4 2 1 34
29619 
29624 
29626 
29630 
29631 
29632 
29637 
29638 
29646 
29661 
29665 
29667 
29672 1 1 1 30 1 77
29688 1 1 2 2 5 9 1 12 1 14 1 34
29719 
29731 
29733 1 2 1 14 1 30 1 77
29745 1 18 1 77
29749 4 1 20 2 2 34
29751 
29761 3 1 1 3 1 14 1 22 1 35
29762 
29764 
29767 1 1 13 2 1 4 2 35
29768 1 1 15 2 1 4 2 35
29769 1 1 7 2 1 4 2 35
29770 1 1 9 2 1 4 2 35
29784 
29786 
29788 2 1 4 2 1 14 1 34
29789 
29791 3 1 3 2 1 24 1 35
29795 9 1 7 2 1 34 1 81 3 84
29799 
29804 4 1 1 2 2 3 1 4 2 14 2 34 1 35
29813 
29814 
29815 
29816 
29817 
29818 
29853 1 1 1 2 4 9 1 13 1 14 1 17 1 29
29860 2 1 3 2 1 34 1 42
29863 2 1 1 2 1 3 1 30 1 77
29867 
29868 
29874 
29882 
29886 
29890 2 1 2 2 1 102
29909 
29923 
29927 1 1 3 2 4 9 1 10 1 13 1 14 1 77
29940 1 1 9 2 1 34
29945 
29975 1 1 12 2 1 34
29985 
29989 3 1 1 39
29995 3 1 5 2 1 39
30003 
30004 
30013 
30015 
30024 2 1 4 2 1 34 1 38
30034 
30045 
30046 1 1 3 2 4 9 1 39
30055 
30056 
30057 
30079 2 1 1 2 1 38
30081 1 1 3 2 4 9 1 39
30117 1 1 1 2 1 30 1 77
30137 
30142 3 9 1 36 2 57
30143 3 9 1 36 2 57
30144 3 9 1 36 2 57
30159 
30160 
30161 
30162 
30163 
30164 
30189 
30194 1 21
30207 
30208 
30209 
30210 
30211 
30212 1 1 13 2 1 103
30216 
30221 1 42 1 77
30224 
30227 
30229 1 1 1 2 1 30 1 77
30232 
30234 
30257 1 1 11 2 1 4 2 35
30263 1 1 19 2 1 4 2 35
30269 2 2 3 3 1 4 4 14 1 77
30273 4 9 2 10 2 77
30281 3 9 2 10 1 36 2 77
30290 3 9 2 10 1 17 2 77
30299 3 9 2 10 1 57 2 77
30322 
30323 1 1 11 2 1 25 1 37
30324 1 1 10 2 1 25 1 37
30325 1 1 8 2 1 25 1 37
30326 1 1 6 2 1 25 1 37
30327 1 1 5 2 1 25 1 37
30350 
30352 1 1 5 9 1 12 1 31
30355 5 9 1 10 1 28
30366 
30368 
30370 
30372 
30374 
30375 
30378 
30391 1 2 1 30 1 77 1 94
30396 
30397 
30399 
30400 
30401 
30402 
30416 
30427 
30440 
30448 
30453 
30454 2 1 3 2 2 25 2 34 2 38
30459 
30461 
30464 
30466 
30469 
30473 2 1 2 2 1 25 1 34 1 38
30479 
30480 
30481 
30482 
30487 
30488 
30489 
30490 
30491 
30505 4 2 1 5 1 27 1 34
30507 3 2 5 9 1 12 1 27 1 34
30534 3 1 1 4 1 32 2 34
30544 
30553 
30554 
30564 
30565 
30566 
30567 
30570 
30572 
30573 
30575 
30577 1 1 7 2 1 39 1 77
30579 1 1 9 2 1 39 1 77
30581 1 1 9 2 1 39 1 77 1 96
30616 3 9 2 11 1 57
30673 
30679 1 5 1 77
30695 2 2 1 24 1 35
30705 
30707 
30709 
30712 
30796 3 9 1 10 1 53 1 57 1 74
30808 
30851 2 1 1 26 1 35
30855 
30890 6 2 1 14 1 27 1 34
30900 
30919 
30920 
30921 
30922 
30924 
30925 
30926 
30927 
31041 
31043 3 1 2 2 1 24 1 35
31059 
31069 
31072 
31075 
31085 
31088 
31108 
31111 2 1 4 2 1 3 1 77
31113 
31115 
31122 5 2 1 3 1 28
31132 
31135 
31173 
31175 
31177 
31179 6 2 1 4 2 35
31184 
31187 6 1 3 2 3 10 3 35
31189 5 9 1 12 1 28
31201 1 1 4 2 1 14 1 29
31208 
31263 
31265 
31268 
31283 1 1 4 9 1 10 1 57 1 77
31306 
31308 
31310 
31312 
31314 
31316 
31318 
31381 
31397 1 1 2 2 1 14 1 31
31405 1 1 2 2 1 4 1 32 1 77
31412 
31413 
31415 
31416 
31418 
31420 
31422 
31431 3 2 3 9 1 10 1 30 1 32 1 42 2 57
31433 
31435 
31439 2 14 2 19 2 22 2 35
31452 
31453 
31456 
31462 
31467 4 22 2 35
31471 
31472 
31473 4 1 23 2 1 35
31477 4 1 19 2 1 35
31503 2 2 7 3 8 14 2 26 1 77
31505 
31510 
31531 3 2 1 4 3 14 1 32 1 77
31542 
31544 
31551 
31553 
31555 
31576 1 1 10 2 1 3 1 35
31578 1 1 12 2 1 3 1 35
31612 
31615 1 1 1 3 1 14 1 30 1 77
31621 1 74 3 75 1 77
31631 
31632 
31633 
31638 4 1 1 2 1 4 2 34 1 35
31640 
31641 
31642 
31643 
31651 
31653 4 1 21 2 2 34
31654 4 1 22 2 2 34
31681 
31718 2 1 3 2 1 38
31720 2 1 4 2 1 38
31722 2 1 10 2 1 38
31724 2 1 5 2 1 38
31726 2 1 6 2 1 38
31727 
31729 2 1 7 2 1 38
31731 2 1 8 2 1 38
31733 2 1 9 2 1 38
31737 3 1 1 2 1 3 1 38
31739 2 1 6 2 1 3 1 34
31741 2 1 5 2 1 3 1 34
31746 
31770 11 2 1 34 1 37
31773 1 7 4 9 1 10 1 18 1 57 1 77
31787 2 1 6 2 1 14 1 34
31790 3 9 1 17 1 39
31797 
31799 1 1 6 2 1 25 1 34
31801 
31817 
31828 
31834 
31839 1 1 5 9 1 12 1 38
31850 
31851 
31854 
31866 
31876 1 8 9 9 2 10 1 57 1 94
31879 1 6 4 9 1 10 1 57 1 94
31880 1 6 4 9 1 10 1 57 1 94
31936 
31940 
31942 
31944 
31948 
32040 
32043 
32050 
32051 
32066 
32069 
32071 
32073 
32074 
32082 
32087 
32100 
32108 1 1 4 9 2 10 2 77
32110 1 1 4 9 2 10 2 77
32112 1 1 4 9 2 10 2 77
32114 1 1 1 6 2 77
32116 1 1 1 6 2 77
32118 1 1 2 77
32121 1 1 2 22
32123 1 1 2 2 2 22
32131 
32135 3 1 4 2 1 24 1 35
32137 3 1 1 2 1 24 1 35
32138 3 1 5 2 1 34
32172 
32175 
32178 
32187 
32189 
32209 
32219 
32242 3 9 1 10 1 24 1 36 1 57
32245 
32255 
32256 
32261 
32262 
32263 
32264 
32266 
32267 
32274 
32277 
32281 
32282 
32283 
32286 
32287 
32288 
32293 1 8 4 9 1 10 2 42 1 57
32294 1 8 4 9 1 10 2 42 1 57
32296 1 8 4 9 1 10 2 42 1 57
32321 
32333 
32334 
32338 1 6 4 9 1 10 1 42 1 57
32339 1 6 4 9 1 10 1 42 1 57
32340 1 6 4 9 1 10 1 42 1 57
32358 
32359 
32366 
32370 
32376 
32399 2 1 5 9 1 13 1 14 1 30
32401 4 1 1 3 1 4 10 9 1 10 1 12 1 22 1 32
32408 4 9 1 12 1 17 1 30 1 77
32409 
32410 2 2 1 30 1 77 1 102
32424 3 1 2 2 1 3 1 14 1 34
32425 6 2 1 14 1 34
32426 4 1 3 2 1 3 1 34
32427 6 2 1 3 2 14 1 34
32429 4 1 2 2 1 3 1 34
32432 4 1 5 2 1 3 1 34
32434 4 1 9 2 1 3 1 34
32439 2 1 2 2 1 38
32459 1 1 7 2 1 27 1 34
32461 1 1 5 2 1 27 1 34
32464 
32471 2 2 5 9 1 10 2 35
32482 2 1 5 2 1 3 1 22
32491 
32493 
32494 
32495 
32496 
32497 
32498 
32499 
32500 1 1 7 2 1 103
32501 
32502 
32503 3 1 6 2 1 4 2 34 1 103
32504 1 1 6 2 1 103
32508 
32509 3 1 4 2 1 4 2 34 1 103
32512 
32516 
32520 
32522 
32525 
32544 
32547 
32549 
32551 
32553 
32555 
32557 
32559 
32562 
32564 
32567 
32569 
32572 
32578 
32581 3 1 1 4 1 25 2 34
32603 
32606 3 9 2 36 1 57
32609 1 74 4 75 1 77
32610 1 74 5 75 1 77
32634 
32641 
32643 4 1 20 2 1 35 1 101
32645 4 1 18 2 1 35 1 101
32647 4 1 16 2 1 35 1 101
32649 
32657 
32744 3 9 2 36 1 57
32752 2 1 12 2 5 9 1 10 1 25 1 34
32756 
32764 1 1 1 2 1 97
32780 
32792 
32803 4 1 1 2 1 22 1 35
32804 3 1 2 2 1 7 1 34 1 77
32805 3 1 8 2 2 3 5 9 1 12 1 14 1 34
32809 1 2 1 85 1 110
32823 5 9 1 13 1 24 1 77
32824 
32826 
32829 3 1 5 2 5 9 1 12 1 35
32835 
32845 
32847 
32860 
32878 1 19 1 22 1 77
32887 1 5 3 9 3 10 1 21 1 24 1 56 1 77
32892 
32931 
32934 
32936 
32938 
32939 
32951 
32978 3 2 1 22 1 42
33041 
33049 
33052 1 2 1 22 1 94
33053 1 1 1 19 1 22
33054 1 22 1 32 1 42
33055 1 22 1 32 1 77
33067 
33070 
33072 
33076 3 1 4 2 1 14 1 35
33090 
33099 
33114 
33116 
33122 
33133 
33134 1 35 1 42
33136 3 2 1 30 1 42
33138 
33140 
33148 
33151 1 102
33275 1 25 1 74
33291 
33294 4 1 8 2 4 9 2 10 1 35 1 101
33313 6 2 1 34 1 41
33325 2 1 1 2 1 3 1 4 2 14 1 22 1 96
33331 
33332 
33333 
33334 
33336 
33339 
33343 
33348 
33349 
33355 1 1 6 9 3 10 1 13 1 24 1 77
33361 
33362 
33367 
33369 2 1 3 4 2 6 9 9 3 10 2 34
33385 1 1 2 2 1 14 1 29
33387 1 1 16 2 1 34
33389 1 1 15 2 1 34
33408 3 9 1 10 1 17 1 57 1 77
33409 2 9 1 10 1 17 2 57 1 77
33410 
33419 
33421 
33424 
33447 4 2 4 9 2 10 1 19 1 31 1 70 1 108
33462 4 2 1 4 2 35
33471 
33501 1 6 5 9 1 10 1 77
33519 
33520 
33522 
33540 
33543 1 2 4 9 1 10 1 14 1 32 1 57
33544 1 2 4 9 1 10 1 24 1 32 1 57
33555 
33560 
33570 
33576 1 60 1 77
33579 2 1 9 2 1 3 2 14 1 32
33580 2 1 13 2 1 3 2 14 1 32
33581 2 1 17 2 1 3 2 14 1 32
33582 2 1 10 2 1 3 2 14 1 32
33587 
33607 
33612 
33619 
33625 3 1 9 2 8 3 2 4 2 14 1 22
33638 
33640 
33651 
33662 3 9 1 57 2 71
33673 
33678 5 2 1 31
33687 1 100
33691 3 2 1 14 1 25
33706 3 9 1 10 1 42 1 53 1 57
33707 3 9 1 10 1 42 1 53 1 57
33712 
33714 
33768 
33769 
33859 
33860 
33861 
33862 
33863 
33864 
33928 
33933 1 1 6 2 1 37
33935 2 2 1 24 1 37
33937 1 1 2 2 2 25 1 37
33949 
33951 
33959 
33964 
33967 
33985 
33986 
33987 
33989 
33991 
33993 
34003 
34011 1 1 4 2 2 14 1 34
34013 5 2 1 14 1 27 1 34
34014 5 2 1 21 1 27 1 34
34015 
34016 3 1 2 2 1 35 1 41
34017 1 1 4 2 1 22 1 27 1 34
34040 
34043 3 1 8 2 1 32
34053 
34056 
34058 
34060 
34062 
34064 
34066 
34068 
34070 
34072 
34074 
34077 
34079 
34081 
34085 4 1 4 2 2 3 1 29 1 77
34098 
34100 
34103 
34104 
34105 
34115 1 1 7 2 2 14 1 34
34116 1 1 11 2 2 14 1 34
34117 1 1 13 2 2 14 1 34
34120 2 1 9 2 2 14 1 35
34123 1 1 9 2 2 14 1 34
34126 
34128 
34131 
34162 
34164 
34165 
34166 
34167 
34168 
34169 
34170 
34176 4 2 2 4 1 56
34177 5 2 2 4 1 56
34184 
34185 4 2 1 4 1 56
34186 6 2 2 4 1 56
34195 
34196 
34198 
34207 
34210 
34214 3 2 2 9 4 10 3 24 2 35
34272 
34275 
34278 1 4 18 9 4 10 1 36 1 57
34281 1 4 19 9 4 10 1 57
34313 
34315 
34322 
34323 1 24 1 77
34325 
34328 
34330 
34361 
34369 
34372 
34374 
34376 
34380 
34382 
34389 4 9 1 10 1 41 1 57
34390 2 1 1 2 1 3 3 9 1 10 1 33 1 42 2 57
34401 
34402 
34403 
34404 
34421 
34424 
34427 
34432 3 1 1 32
34443 3 1 2 2 1 35 1 37
34445 2 1 8 2 2 34
34447 
34478 
34491 
34507 
34509 
34538 
34544 
34548 
34552 
34556 
34560 
34564 
34568 
34569 
34570 
34575 
34576 
34577 
34599 
34600 
34609 
34620 4 1 1 3 1 14 1 35
34631 2 1 6 2 1 22 1 35
34632 4 1 5 2 1 22 1 35
34633 4 1 11 2 1 22 1 35
34635 
34637 4 1 8 2 1 22 1 35
34642 4 9 1 10 1 41 1 57
34644 
34650 
34663 
34665 
34669 
34670 
34671 
34676 3 9 1 10 1 17 1 20 1 57
34677 3 1 1 3 5 9 1 13 1 14 1 34
34679 1 1 3 2 1 30 1 77
34696 
34725 
34726 
34727 
34728 
34729 
34736 3 9 1 10 2 17 1 77
34744 
34752 
34753 
34757 
34759 
34760 2 1 4 2 1 14 1 34
34761 1 1 5 2 2 14 1 34
34762 1 1 6 2 3 14 1 35
34763 1 1 8 2 3 14 1 35
34789 
34791 2 9 1 10 1 11 1 42 2 57
34796 
34798 
34800 
34803 
34821 
34822 
34831 
34836 4 9 2 10 1 11 2 34
34844 
34859 
34864 
34866 
34868 
34870 
34872 
34874 
34883 
34887 
34889 
34891 
34899 4 9 1 10 1 25 1 42 1 57
34904 3 9 1 10 1 11 1 25 1 42 1 57
34906 3 9 1 10 1 11 1 25 1 42 1 57
34935 
34945 
34965 
35006 
35009 5 9 1 13 1 14 1 77
35012 
35023 3 9 1 10 1 24 1 36 1 57
35064 2 9 1 10 1 11 2 57 1 94
35073 1 38 1 77
35075 3 2 3 22 3 35 2 42
35078 
35079 
35081 
35082 
35083 
35087 
35101 
35108 
35110 
35112 
35114 
35116 
35118 
35120 
35122 5 2 1 32 1 99
35124 4 2 1 29
35128 
35129 
35132 
35140 3 1 20 2 1 32
35144 3 1 14 2 1 32
35150 
35152 
35154 2 2 1 3 2 14 1 85
35159 3 1 7 2 1 34
35161 3 1 6 2 1 34
35163 3 1 5 2 1 34
35164 3 1 8 2 1 34
35177 
35181 
35184 
35198 
35208 
35214 
35216 
35226 
35236 
35252 
35265 
35269 
35275 
35277 3 9 1 36 1 53 1 57
35279 
35283 
35285 
35295 
35305 2 1 1 5 5 9 1 13 1 34
35341 
35345 
35350 
35352 
35355 
35377 
35379 
35381 
35398 2 1 2 2 1 25 1 38
35400 
35402 2 1 2 2 1 25 1 38
35404 1 1 3 2 1 14 1 38
35406 1 1 3 2 1 14 1 38
35410 2 1 2 2 1 25 1 38
35412 1 1 3 2 1 14 1 38
35436 
35437 
35438 
35452 
35458 5 1 1 2 2 4 1 9 3 10 2 57
35459 6 1 1 4 4 10 2 57
35480 4 1 8 2 2 3 1 77 1 99
35483 2 1 12 2 1 22 1 25 1 99
35490 
35492 6 2 1 3 1 37
35494 4 2 5 9 1 12 1 34
35496 5 2 1 27 1 34 1 41
35510 5 1 1 4 1 9 3 10 2 57
35511 
35513 
35515 
35517 
35519 
35521 
35523 
35525 
35528 
35532 
35538 2 1 1 3 1 25
35566 
35573 
35574 
35575 
35576 
35577 
35578 
35579 
35580 
35581 
35582 
35583 
35594 
35602 
35604 
35618 3 9 1 10 2 11 1 77
35620 5 2 2 22
35623 
35646 
35648 
35650 
35656 
35657 
35661 
35666 
35667 
35668 
35669 
35670 
35678 
35681 
35683 4 1 23 2 1 35
35694 
35695 4 1 3 2 4 3 1 22 1 34 1 38
35701 
35708 1 22 1 24
35709 2 2 1 14 1 105
35711 1 1 1 2 1 105
35716 
35717 
35718 
35719 
35731 
35734 
35736 
35738 
35764 
35765 4 9 1 12 1 42 1 57
35772 1 1 7 2 1 103
35773 1 1 8 2 1 103
35774 1 1 9 2 1 103
35775 1 1 10 2 1 103
35776 1 1 11 2 1 103
35777 1 1 12 2 1 103
35788 3 1 1 3 1 34 1 41
35789 6 1 9 2 2 3 2 34
35792 
35797 2 1 3 2 1 14 1 32
35822 1 1 3 2 1 37
35834 
35856 3 1 11 2 1 22 1 34
35857 3 1 15 2 1 22 1 34
35858 3 1 13 2 1 22 1 34
35859 3 1 21 2 1 22 1 34
35860 3 1 5 2 1 22 1 34
35883 
35884 
35885 
35890 10 9 4 10 1 17 1 33 1 57 1 94
35892 10 9 4 10 1 17 1 18 1 33 1 57
35893 10 9 4 10 1 17 1 18 1 33 1 57
35897 2 1 2 2 1 5 1 14 1 35
35898 
35899 
35900 2 1 1 2 1 5 1 35 1 44
35922 1 1 18 2 1 27 1 34
35923 1 1 16 2 1 27 1 34
35924 1 1 14 2 1 27 1 34
35937 7 9 2 10 1 12 1 30 1 77
35940 2 1 12 2 5 9 1 12 1 34
35945 1 1 9 2 1 35 1 41
35955 
35960 4 2 3 3 5 9 1 12 1 14 1 34
35962 5 2 3 3 4 9 2 10 1 14 1 24 1 34
35964 4 2 3 3 4 9 1 12 1 14 1 34 1 57
35969 
35971 1 1 7 2 1 25 1 34
35972 1 1 3 2 1 25 1 37
35973 
35974 3 2 1 24 1 37
35975 
35976 7 2 1 24 1 34
35977 
35978 1 1 2 2 1 25 1 37
35979 1 1 1 2 1 25 1 37
35980 1 1 5 2 1 25 1 34
35981 1 1 1 25 1 37
36009 4 1 11 2 1 35 4 103
36010 4 1 15 2 1 35 4 103
36011 8 1 11 2 1 35 4 104
36012 
36013 
36014 
36015 
36016 
36017 
36018 
36019 
36020 
36021 
36022 
36023 
36024 
36042 
36043 
36056 
36058 
36059 
36064 
36068 
36069 
36077 6 9 2 10 2 25 4 57
36079 
36081 
36083 
36085 1 1 1 38 1 42
36089 
36094 
36098 
36103 
36109 
36113 
36118 
36123 
36138 
36149 
36151 
36152 
36153 
36154 
36155 
36174 11 2 6 3 2 14 2 34
36176 12 2 6 3 2 14 2 34
36178 14 2 6 3 2 14 2 34
36180 13 2 6 3 2 14 2 34
36183 
36184 
36185 
36187 
36189 4 2 2 32
36196 3 1 2 2 1 4 1 6 7 9 3 10 1 31 1 66
36199 
36201 
36203 
36207 
36212 
36217 
36218 
36219 
36220 
36221 
36224 
36225 
36235 7 9 3 10 1 77
36236 2 1 12 2 1 3 1 77
36241 
36242 
36243 
36244 
36251 
36256 
36258 1 1 1 105
36267 2 2 2 25 2 35
36270 1 1 2 2 1 7 4 9 2 10 3 77
36281 
36284 2 2 5 9 1 14 1 36
36291 
36296 
36297 
36298 
36301 
36302 
36307 
36308 
36317 
36321 
36322 
36323 
36324 
36325 
36326 
36327 
36342 
36351 
36354 
36356 
36358 
36359 
36365 3 1 2 2 1 4 1 32 2 34
36367 
36370 
36371 
36372 
36383 4 1 11 2 1 22 1 35
36384 4 1 12 2 1 22 1 35
36385 4 1 13 2 1 22 1 35
36386 4 1 14 2 1 22 1 35
36387 4 1 15 2 1 22 1 35
36398 
36408 4 1 7 2 3 25 2 103
36409 4 1 6 2 2 25 2 103
36410 4 1 8 2 4 25 2 103
36411 4 1 5 2 1 25 2 103
36412 12 2 2 25 2 34
36413 11 2 1 25 2 34
36414 
36415 13 2 3 25 2 34
36416 
36417 
36418 14 2 4 25 2 34
36441 
36444 
36445 
36457 
36466 
36467 
36468 
36479 
36482 3 1 1 3 2 14 1 19 1 35
36484 3 1 2 2 5 9 1 10 1 35
36489 
36490 
36491 
36503 
36508 
36516 3 1 1 2 1 4 1 32 2 34
36524 1 1 5 2 2 29
36526 1 6 3 9 2 10 1 17 1 24 1 77
36527 1 1 3 2 1 14 1 31
36531 2 1 4 2 1 14 1 32
36533 1 1 3 2 1 14 1 29
36544 
36562 
36567 
36573 
36578 
36595 5 63
36597 9 63
36600 7 63
36613 1 6 4 9 1 10 1 17 1 77
36615 1 6 2 9 3 10 1 17 2 24 1 77
36616 1 6 3 9 2 10 1 17 1 24 1 77
36620 
36622 
36626 
36629 1 1 4 2 1 30 1 77
36633 3 1 3 2 1 4 3 34
36634 4 1 3 2 1 4 2 34 1 35
36635 2 1 4 2 1 4 2 34 1 35
36636 2 1 5 2 1 4 2 34 1 35
36637 6 2 1 4 2 34 1 35
36638 7 2 1 4 2 34 1 35
36645 1 1 3 9 1 10 1 26 2 53 1 77
36646 1 1 20 2 1 34
36647 1 1 11 2 1 34
36648 1 1 18 2 1 34
36649 1 1 22 2 1 34
36650 1 1 14 2 1 34
36651 1 1 15 2 1 34
36652 1 1 13 2 1 34
36668 3 1 1 5 4 9 2 10 1 35
36681 
36682 
36683 
36684 
36685 
36686 
36687 
36688 
36689 
36690 
36691 
36703 
36705 4 9 1 10 1 17 1 77
36707 3 9 1 10 2 17 1 77
36708 3 9 2 10 1 17 1 24 1 77
36709 4 9 1 10 1 17 1 77
36712 2 9 3 10 1 17 2 24 1 77
36715 4 2 1 31
36717 
36718 
36719 
36726 3 1 4 2 4 3 1 22 1 35
36737 
36744 
36747 6 1 4 2 2 4 9 9 3 10 2 25 1 34
36756 
36768 3 1 1 2 1 4 1 26 1 27 1 32 1 38
36769 4 1 1 2 1 4 1 26 1 27 1 35 1 38
36779 1 1 3 2 1 33 1 38
36792 
36795 
36800 
36801 
36802 
36804 1 1 1 2 5 9 1 10 1 25 1 38
36806 
36808 
36811 1 1 2 2 5 9 1 10 1 25 1 38
36813 1 1 1 2 5 9 1 10 1 25 1 38
36815 1 1 2 2 5 9 1 10 1 25 1 34 1 38
36817 1 1 1 2 5 9 1 10 1 25 1 34 1 38
36819 1 1 2 2 5 9 1 10 1 25 1 38
36821 1 1 1 2 5 9 1 10 1 25 1 38
36823 1 1 2 2 5 9 1 10 1 25 1 38
36826 
36832 3 1 4 2 1 4 1 32 2 34
36833 3 1 6 2 1 4 1 32 2 34
36837 
36839 1 1 11 2 1 27 1 34
36844 1 1 9 2 1 27 1 34
36851 1 1 6 2 1 32
36852 6 2 1 31
36853 
36858 10 2 2 3 2 14 4 35 2 44
36863 
36865 
36867 1 2 1 28 1 41
36868 2 1 1 32 1 41
36869 1 1 1 22 1 25
36879 
36880 
36882 
36883 
36884 
36885 
36891 
36893 
36895 
36897 
36899 
36903 2 1 3 2 2 34
36905 5 1 6 2 1 31 3 35
36907 2 1 6 2 3 34
36909 1 1 5 2 2 34
36910 1 1 6 2 2 34
36953 
36956 
36967 
36972 3 1 3 2 1 24 1 35
36975 
36991 
36993 
36995 
36997 
37003 
37012 
37013 
37050 
37052 
37053 
37056 
37067 
37074 
37075 
37076 
37077 
37096 
37097 
37098 
37099 
37100 
37101 
37102 
37103 
37104 
37114 
37115 
37116 
37117 
37118 
37119 
37150 3 1 1 2 1 5 1 35
37155 
37158 
37164 3 9 1 10 2 17 1 77
37234 
37242 
37244 
37249 
37250 
37252 
37254 
37255 
37257 8 9 2 10 1 11 1 57
37264 8 9 2 10 1 11 1 57
37266 13 9 4 10 1 57
37282 
37283 
37284 
37285 
37286 
37287 
37288 
37289 
37303 
37327 3 1 11 2 5 9 1 12 1 35
37342 1 1 20 2 1 34
37343 1 1 23 2 1 34
37344 1 1 22 2 1 34
37345 1 1 21 2 1 34
37346 1 1 18 2 1 34
37347 1 1 17 2 1 34
37348 1 1 16 2 1 34
37363 
37376 1 1 19 2 1 34
37378 1 1 14 2 1 34
37394 
37395 
37401 1 1 1 18 1 33 1 77
37402 2 1 1 3 1 18 1 33 1 77
37403 2 1 1 2 1 3 1 18 1 33 1 77
37404 2 1 1 2 1 3 1 18 1 33 1 77
37435 
37436 
37437 
37441 3 1 5 2 2 34
37442 3 1 5 2 1 25 2 34
37443 3 1 4 2 2 34
37447 3 1 6 2 1 25 2 34
37449 4 1 1 2 2 3 1 14 1 34
37450 3 1 5 2 1 3 1 35 1 77
37451 2 1 3 2 1 3 1 34 1 77
37463 2 1 3 2 4 9 1 10 1 32 1 36 1 77
37464 
37465 
37474 3 1 3 2 1 5 4 9 2 10 1 35
37475 6 2 1 5 4 9 2 10 1 34
37476 4 2 1 5 4 9 2 10 1 27 1 34
37477 5 2 1 5 4 9 2 10 1 34
37478 1 5 4 9 1 10 1 12 1 37
37479 
37480 
37481 3 1 9 2 1 5 4 9 2 10 1 35
37482 3 1 9 2 1 5 4 9 2 10 1 35
37502 
37503 
37504 
37509 
37510 
37519 
37524 1 1 6 2 1 103
37525 1 1 5 2 1 103
37540 
37542 
37549 1 74 7 75 1 77
37552 
37575 
37621 1 1 10 2 1 32 1 77
37625 1 1 11 2 1 35
37627 18 2 2 27 2 34
37628 15 2 2 27 2 34
37630 2 1 15 2 2 27 2 35
37633 2 1 18 2 2 27 2 35
37640 1 1 1 2 1 6 1 77
37641 1 1 4 2 1 6 1 77
37642 4 2 2 22
37645 1 2 1 5 1 22
37647 1 1 2 2 1 6 1 77
37648 1 5 1 22
37653 1 2 1 22 1 44
37654 2 2 1 22 1 44
37657 1 22 1 44
37696 
37701 
37702 
37703 
37706 
37709 
37710 
37713 
37717 2 1 3 2 3 9 2 10
37718 2 1 9 2 3 9 2 10
37719 1 1 3 9 1 11 1 12
37720 2 1 5 2 3 9 2 10
37721 2 1 7 2 3 9 2 10
37730 
37732 1 1 1 38
37739 
37771 
37775 2 2 7 9 1 10 2 13 1 28 2 53
37780 2 1 3 2 1 29
37781 2 1 3 2 1 35 1 77
37783 
37785 
37814 
37816 1 1 11 2 1 28
37821 4 9 2 10 1 42 1 77
37825 
37857 
37864 
37873 1 1 3 2 1 3 1 35 1 77
37874 1 1 4 2 1 30
37882 
37885 
37886 
37887 
37888 
37889 
37890 
37891 
37892 
37893 
37894 
37905 
37906 
37907 
37921 2 1 2 2 1 14 1 22 1 35
37927 
37928 
37929 
37930 
37936 3 1 5 9 1 13 1 34
37937 3 1 5 9 1 13 1 34
37940 
37968 
37970 3 1 9 2 8 3 2 4 2 14 1 22
37977 
37980 3 9 1 53 1 57 1 71
37981 3 9 1 53 1 57 1 71
38007 
38012 
38017 3 2 1 6 13 9 2 10 1 13 2 32 2 71
38067 
38070 3 9 1 10 1 42 1 53 1 57
38077 
38079 3 17 3 57
38083 
38084 
38092 2 1 17 2 1 31
38115 
38116 
38123 3 9 3 10 2 24 1 77
38128 
38130 
38170 1 81
38177 
38187 
38188 
38192 
38195 3 1 3 4 2 6 8 9 4 10 3 34
38226 
38232 4 1 1 32 1 35
38243 
38252 3 9 1 17 1 36 1 57
38255 1 2 3 9 1 10 1 14 1 32 1 36 1 57
38259 
38265 
38266 
38270 
38294 3 9 3 10 3 77
38297 3 1 11 2 1 35 1 110
38305 
38355 
38356 
38357 
38359 
38364 2 1 6 2 1 27 2 34
38371 
38383 
38392 2 77 1 108
38404 
38446 1 1 11 2 4 3 4 14 1 26 1 29
38455 1 1 4 2 1 103
38459 4 2 1 102
38474 2 1 8 2 1 35
38482 
38483 
38484 
38497 
38499 
38501 
38503 
38505 
38530 
38541 
38542 
38543 
38546 
38547 
38548 
38551 
38566 
38572 5 9 1 12 1 30 1 77
38604 
38613 
38644 
38650 
38652 
38654 4 9 1 10 1 44 1 57
38656 1 6 5 9 1 10 1 77
38665 3 9 1 10 1 17 1 42 1 57
38666 
38668 3 1 5 2 4 3 1 4 1 14 1 31 1 70 1 77
38696 1 1 5 2 1 32
38718 1 6 3 9 1 10 2 17 1 77
38722 1 6 4 9 1 10 1 17 1 77
38724 1 6 2 9 3 10 1 17 2 24 1 77
38737 
38769 
38827 10 2 1 3 1 34
38842 
38843 
38844 
38845 
38846 
38848 
38850 
38851 
38852 
38853 
38854 
38855 
38867 
38872 
38877 
38885 
38886 
38909 5 2 5 9 1 12 1 35
38910 6 2 5 9 1 12 1 35
38912 7 2 5 9 1 12 1 35
38913 8 2 5 9 1 12 1 35
38922 4 2 5 9 1 12 1 35
38926 3 2 5 9 1 12 1 35
38986 
38987 
38988 
39016 
39042 
39044 
39054 
39055 2 1 7 2 1 34 1 38
39061 2 1 4 2 1 3 1 77
39071 4 1 8 2 2 3 1 22 1 25 1 99
39073 
39077 2 3 2 14 1 42 1 77
39085 3 2 2 24 1 29
39089 
39090 
39099 
39101 
39103 
39106 
39113 2 1 5 2 1 3 1 32
39117 1 1 1 34 1 77
39119 
39121 
39122 
39126 2 1 6 2 3 3 1 4 1 34
39128 2 1 7 2 3 3 1 4 1 34
39130 2 1 11 2 3 3 1 4 1 34
39132 2 1 9 2 3 3 1 4 1 34
39133 2 1 17 2 3 3 1 4 1 34
39134 2 1 13 2 3 3 1 4 1 34
39146 2 1 15 2 3 3 1 4 1 34
39181 
39184 
39187 
39190 
39193 
39199 2 1 1 2 1 3 1 30 1 77
39201 2 1 1 3 1 30 1 77
39202 3 2 1 33 1 77
39205 
39223 
39224 
39230 
39248 
39249 
39250 
39283 6 9 3 10 1 12 1 57 1 71
39284 2 2 3 9 2 10 1 34 1 57
39285 1 1 6 9 4 10 1 12 1 34 1 57
39297 1 1 1 34 1 45
39298 2 2 1 27 1 29
39299 
39300 2 9 2 34 1 53
39306 3 1 1 2 1 4 1 14 1 29
39323 
39324 7 2 4 3 1 19 2 35
39330 
39331 
39332 
39333 
39338 
39340 
39349 2 1 6 2 1 14 1 25 1 34
39350 2 1 13 2 1 14 1 25 1 34
39351 2 1 9 2 1 14 1 25 1 34
39352 2 1 7 2 1 14 1 25 1 34
39353 2 1 8 2 1 14 1 25 1 34
39354 2 1 10 2 1 14 1 25 1 34
39355 2 1 11 2 1 14 1 25 1 34
39356 2 1 4 2 1 14 1 25 1 34
39357 2 1 3 2 1 14 1 25 1 34
39359 3 1 2 2 1 21 1 25 1 35
39362 2 1 5 2 1 14 1 25 1 34
39372 3 1 3 2 1 21 1 25 1 35
39374 3 1 4 2 1 21 1 25 1 35
39377 3 1 6 2 1 21 1 25 1 35
39379 3 1 7 2 1 21 1 25 1 35
39381 3 1 8 2 1 21 1 25 1 35
39383 3 1 9 2 1 21 1 25 1 35
39385 3 1 10 2 1 21 1 25 1 35
39387 3 1 11 2 1 21 1 25 1 35
39389 3 1 12 2 1 21 1 25 1 35
39406 
39428 
39432 2 1 5 9 1 10 1 34
39435 4 1 5 2 1 4 2 34 1 35
39437 4 1 11 2 1 4 2 34 1 35
39438 
39441 
39443 1 1 2 2 1 4 4 5 1 34 2 35
39446 5 1 2 2 1 4 2 7 1 34 2 35
39447 5 1 4 2 3 4 1 34 2 35 4 64
39453 
39462 
39464 
39467 2 1 11 2 1 22 1 34
39474 
39475 
39484 7 2 1 14 1 34
39486 
39487 
39490 
39494 7 2 1 14 1 34
39534 3 1 11 2 1 22 1 35
39536 4 9 2 10 1 24 1 77
39537 4 9 2 10 1 64 1 77
39548 
39555 
39558 
39576 
39580 
39581 
39583 
39585 
39588 
39591 1 1 1 77 1 96
39601 
39611 
39613 
39628 
39630 
39631 
39632 
39642 
39659 
39664 
39665 
39666 
39669 
39670 
39685 
39688 
39690 
39696 
39697 
39701 
39704 
39716 
39717 
39724 
39732 
39734 
39738 
39740 
39742 
39744 
39746 
39748 
39760 
39762 
39764 
39766 
39768 
39770 
39772 
39774 
39776 
39779 
39783 
39784 
39785 
39799 
39801 1 4 7 9 2 10 1 12 2 32
39807 1 14 1 38
39808 1 2 1 14 1 38
39809 1 14 1 38
39813 2 2 1 14 1 38
39817 1 2 1 14 1 38
39830 4 9 2 10 1 21 1 77
39831 3 9 1 10 1 11 1 25 1 53 1 77
39832 3 1 2 2 3 3 3 14 1 32
39854 1 1 1 3 4 9 1 10 1 19 1 35 1 57 1 77
39858 
39870 
39872 1 1 15 2 1 22 5 25
39875 
39879 
39884 
39886 
39889 
39893 
39895 2 1 10 2 2 35
39896 2 1 12 2 2 35
39897 2 1 14 2 2 35
39898 2 1 16 2 2 35
39899 2 1 18 2 2 35
39916 1 1 4 9 1 10 1 57 1 77
39925 
39930 3 9 1 10 1 17 1 42 1 57
39934 
39951 
39953 
39955 
39963 
39986 3 1 8 2 1 35 1 100
39987 2 1 3 9 2 10 1 26 1 53 1 77
39989 2 9 2 10 1 24 2 53 1 77
39992 3 1 16 2 1 35 1 100
40001 
40002 
40003 
40004 
40008 
40024 
40026 
40028 
40030 
40032 
40035 
40056 
40058 
40101 
40108 
40112 1 1 2 2 1 29 1 34 1 38
40114 1 1 1 3 1 42 1 77
40116 
40125 
40128 5 2 1 29 1 34
40131 
40161 3 9 1 10 1 36 1 42 1 57
40188 
40189 
40191 
40192 
40193 
40198 
40204 
40232 
40234 
40238 
40243 
40244 
40245 
40256 
40258 
40276 
40304 2 1 2 2 1 3 1 77
40311 
40313 
40344 
40347 
40378 3 1 12 2 1 35 1 100
40382 
40384 
40386 
40388 
40390 
40394 1 1 13 2 1 37
40427 
40428 
40435 
40436 
40438 
40442 4 1 9 2 1 4 2 34 1 35
40445 
40448 4 1 15 2 1 3 1 14 1 22 1 35
40450 4 1 17 2 1 3 1 14 1 22 1 35
40453 3 1 17 2 1 22 1 34
40456 3 1 9 2 1 22 1 34
40460 4 1 7 2 1 3 1 14 1 22 1 35
40462 4 1 9 2 1 3 1 14 1 22 1 35
40464 4 1 11 2 1 3 1 14 1 22 1 35
40466 4 1 13 2 1 3 1 14 1 22 1 35
40468 3 1 7 2 1 22 1 34
40473 
40476 
40478 
40485 5 2 1 22 1 42
40487 7 2 1 22 1 42
40497 10 2 2 27 2 34
40499 12 2 2 27 2 34
40501 14 2 2 27 2 34
40511 1 14 1 19 1 35
40514 2 2 1 35 1 42
40517 4 2 1 35 1 42
40526 1 5
40531 
40533 
40535 
40537 
40540 2 1 3 2 1 35 1 37
40544 
40550 
40552 
40553 1 1 1 7
40554 
40555 
40556 
40557 
40560 
40573 
40576 6 9 3 10 1 17 1 77
40578 4 9 1 10 1 11 1 25 1 77
40583 
40584 
40585 
40586 
40604 
40620 
40622 
40624 
40626 
40628 
40630 
40633 
40635 
40636 
40643 
40648 
40650 
40652 
40663 
40670 
40689 6 2 1 3 2 14 1 34
40691 2 1 5 2 1 4 1 26 1 27 1 34
40696 3 2 1 26 1 77
40698 
40700 1 77 1 107
40706 7 1 3 2 2 35 1 81 2 84
40710 
40711 
40712 
40713 
40720 
40722 
40724 
40744 
40774 12 2 3 10 3 35
40776 3 1 9 2 3 10 3 34
40778 6 1 9 2 3 10 3 35
40780 6 1 15 2 3 10 3 35
40782 
40784 
40786 
40807 
40811 
40829 
40830 
40835 
40841 
40843 
40866 
40871 
40873 3 1 9 2 1 25 1 34
40877 
40879 
40881 
40883 
40885 
40887 
40890 4 1 6 2 6 25 1 35
40892 
40896 3 1 4 2 1 3 2 14 1 35
40902 
40909 
40916 
40920 
40922 
40927 
40933 2 1 3 2 1 31
40956 3 9 1 17 1 57 1 71
40957 3 9 1 17 1 57 1 71
40958 3 9 1 17 1 57 1 71
40959 3 9 1 17 1 57 1 71
40963 
40970 
40976 2 1 3 2 1 25 2 31
40978 4 1 2 32
40985 2 1 10 2 4 9 2 10 2 26 2 77
40987 2 1 10 2 4 9 2 10 2 26 2 77
40989 2 1 10 2 4 9 2 10 2 26 2 77
40991 2 1 6 2 4 9 2 10 2 26 2 77
40993 2 1 4 2 4 9 2 10 2 26 2 77
40995 2 1 2 2 4 9 2 10 2 26 2 77
40997 2 1 4 9 2 10 2 26 2 77
40999 4 9 2 10 2 25 2 77
41008 3 1 3 10 3 34
41014 6 1 4 2 3 10 3 35
41017 6 1 7 2 3 10 3 35
41020 6 1 11 2 3 10 3 35
41023 6 1 6 2 3 10 3 35
41026 5 1 2 2 3 10 1 34 2 35
41029 3 1 3 2 3 10 3 34
41032 3 1 1 2 3 10 3 34
41034 3 1 5 2 3 10 3 34
41036 3 1 2 2 3 10 3 34
41038 4 1 5 2 3 10 2 34 1 35
41040 4 1 1 2 3 10 2 34 1 35
41042 4 1 9 2 3 10 2 34 1 35
41044 4 1 3 2 3 10 2 34 1 35
41048 
41053 6 1 3 10 3 35
41061 4 9 1 10 1 19 1 57 1 64
41067 
41072 2 1 8 2 1 27 2 35 1 118
41075 
41077 5 1 4 2 3 10 3 35
41082 4 1 2 2 2 10 2 35 1 36
41085 3 1 3 10 1 32 2 34
41087 3 1 1 2 3 10 1 32 2 34
41089 3 1 2 2 3 10 1 32 2 34
41091 3 1 3 2 3 10 1 32 2 34
41094 2 1 1 5 3 10 1 32 2 34
41096 5 1 6 2 3 10 3 35
41098 3 1 3 10 1 25 1 32 2 34
41100 2 1 2 10 2 34 1 36
41102 
41104 4 1 4 2 1 3 3 10 3 35 1 42
41107 5 1 2 2 3 10 1 33 2 35 1 42
41110 6 1 2 2 1 3 3 10 1 33 2 35 1 42
41113 6 1 3 2 1 3 3 10 1 33 2 35 1 42
41115 5 1 2 2 1 3 3 10 1 14 1 33 2 35 1 42
41118 4 1 3 2 3 10 1 14 1 33 2 35 1 42
41120 4 1 3 2 4 9 4 10 1 17 1 33 2 35 1 42
41122 
41124 
41171 
41173 
41175 
41178 
41185 
41187 
41188 
41211 2 1 3 2 1 25 2 34
41213 2 1 3 2 1 14 1 35 1 100
41215 6 2 2 14 1 34 1 100
41217 
41234 2 2 1 37 1 74 5 75
41251 1 1 2 6 1 77
41261 
41263 
41267 
41269 2 2 1 6 5 9 1 10 1 25 1 37
41272 
41274 4 2 1 6 5 9 1 10 1 25 1 37
41280 2 1 2 2 1 6 5 9 1 10 1 34 1 77
41284 
41286 
41287 
41289 
41291 
41293 
41295 
41297 
41299 
41301 
41304 
41310 3 9 1 10 1 36 1 57 1 64
41328 
41332 
41336 
41341 
41344 
41361 1 9 2 11 2 34
41362 1 9 2 11 2 34
41363 
41375 
41377 
41379 
41381 
41383 
41385 
41387 
41389 
41391 
41396 7 1 6 3 7 25 1 77
41403 
41420 4 1 3 2 1 22 1 35
41423 4 1 6 2 1 22 1 35
41426 4 1 9 2 1 22 1 35
41429 
41433 1 1 10 2 1 14 2 19 1 33 1 77
41436 
41438 
41440 
41443 
41455 
41462 3 1 1 24 1 35
41464 4 1 1 25 1 35
41467 8 2 1 4 1 24 2 35
41474 
41478 
41482 
41486 
41490 
41494 
41498 1 1 7 2 3 3 1 14 1 34
41525 
41528 
41545 
41549 