1 2 1 13 2 1 107
2 2 1 17 2 1 107
3 
4 
961 
1367 2 1 5 2
2928 3 1 6 2 1 3
2982 
3720 
3841 
3927 6 18 6 123
4784 4 15 2 125
8613 1 1 3 170 1 171
11409 3 1 4 2 1 3 1 50
11489 4 1 2 2 1 3 1 52
12454 5 1 3 18 2 22 1 123
14890 1 1 8 2 1 52
17463 2 1 1 2 9 15 2 18 1 22
18802 1 1 1 6 1 50 3 170
19844 
21434 2 2 6 18 1 49 1 50 1 66
21528 1 92
24346 
25952 2 15 4 71
27602 
27682 1 1 5 2 3 3
28911 
29210 
29672 
30125 
32409 
34555 
35932 
36407 4 2 2 3 1 34
36424 
36974 
37210 
38098 
38400 
38480 3 1 5 2 3 3 1 7 1 9
38795 2 1 23 2 1 34 1 144
39526 2 15 1 17 1 30 1 34 1 175
39885 
40533 
41554 
100000 
200000 1 1 1 50
300000 
400000 